0.0
0.0
0.0
0.0
0.0
0.0
0.0
0.0
0.0
0.0
0.0
0.0
0.0
0.0
0.0
0.0
0.0
0.0
0.0
0.0
0.0
0.0
0.0
0.0
0.0
0.0
0.0
0.0
0.0
0.0
0.0
0.0
0.0
0.0
0.0
0.0
0.0
0.0
0.0
0.0
0.0
0.0
0.0
0.0
0.0
0.0
0.0
0.0
0.0
0.0
0.0
0.0
0.0
0.0
0.0
0.0
0.0
0.0
0.0
0.0
0.0
0.0
0.0
0.0
0.0
0.0
0.0
0.0
0.0
0.0
0.0
0.0
0.0
0.0
0.0
0.0
0.0
0.0
0.0
0.0
0.0
0.0
0.5
1.0
1.5
2.0
2.5
3.0
3.5
4.0
4.5
5.0
5.5
6.0
6.5
7.0
8.0
9.0
10.0
11.0
12.0
13.0
14.0
15.0
16.0
17.0
18.0
19.0
20.0
21.0
22.0
23.0
24.0
25.0
26.0
27.0
28.0
29.0
30.0
31.0
31.0
0.0
0.0
0.0
0.0
0.0
0.0
0.0
0.0
0.0
0.0
0.0
0.0
0.0
0.0
0.0
0.0
0.0
0.0
0.0
0.3333333333333333
0.6666666666666666
1.0
1.5
2.0
2.0
2.4
2.8
3.2
3.6
4.0
4.4
4.8
5.2
5.6
6.0
6.4
6.8
7.2
9.5
13.333333333333334
14.0
22.0
23.0
24.0
25.0
26.0
27.0
28.0
29.0
30.0
31.0
32.0
33.0
34.0
35.0
36.0
37.0
38.0
39.0
40.0
41.0
42.0
43.0
44.0
30.0
23.0
23.5
19.2
14.0
14.285714285714286
14.571428571428571
14.857142857142858
15.142857142857142
15.428571428571429
15.714285714285714
16.0
16.285714285714285
16.571428571428573
16.857142857142858
17.142857142857142
17.571428571428573
18.0
18.428571428571427
19.0
19.857142857142858
20.714285714285715
21.571428571428573
22.428571428571427
23.285714285714285
24.142857142857142
25.0
20.11111111111111
20.77777777777778
21.444444444444443
22.0
15.875
16.5
17.125
17.75
10.428571428571429
11.142857142857142
10.375
11.0
11.625
12.25
12.875
13.5
14.25
15.125
16.0
16.875
17.75
18.625
19.5
20.375
21.25
22.125
23.0
23.875
24.875
25.875
26.875
22.3
23.1
23.9
24.7
23.181818181818183
23.90909090909091
24.636363636363637
23.25
23.916666666666668
24.583333333333332
25.25
25.916666666666668
26.583333333333332
27.25
27.916666666666668
31.181818181818183
31.90909090909091
32.54545454545455
33.888888888888886
34.44444444444444
35.111111111111114
35.666666666666664
33.5
34.0
30.666666666666668
27.875
28.375
28.875
27.0
27.571428571428573
23.0
23.571428571428573
27.833333333333332
28.5
25.0
25.571428571428573
26.142857142857142
26.714285714285715
27.285714285714285
27.857142857142858
28.571428571428573
29.285714285714285
30.0
30.714285714285715
31.428571428571427
32.142857142857146
28.75
26.22222222222222
26.88888888888889
27.555555555555557
28.22222222222222
26.0
26.6
27.2
27.8
28.4
29.0
29.5
22.77777777777778
23.333333333333332
21.5
22.0
22.5
23.0
23.5
21.90909090909091
22.454545454545453
23.181818181818183
23.90909090909091
24.727272727272727
23.416666666666668
24.166666666666668
24.916666666666668
25.666666666666668
26.416666666666668
25.076923076923077
25.846153846153847
26.615384615384617
27.384615384615383
26.142857142857142
25.066666666666666
25.733333333333334
26.4
27.066666666666666
27.733333333333334
28.466666666666665
29.266666666666666
30.066666666666666
30.866666666666667
31.666666666666668
32.46666666666667
33.333333333333336
34.0
22.583333333333332
23.0
23.5
22.23076923076923
19.9
20.6
19.363636363636363
23.11111111111111
19.545454545454547
20.181818181818183
20.818181818181817
21.454545454545453
22.09090909090909
22.727272727272727
23.363636363636363
24.0
22.583333333333332
21.46153846153846
22.076923076923077
22.692307692307693
21.714285714285715
24.076923076923077
24.846153846153847
25.615384615384617
26.384615384615383
27.153846153846153
27.923076923076923
28.692307692307693
25.533333333333335
28.071428571428573
28.785714285714285
27.6
28.333333333333332
29.133333333333333
28.0625
28.8125
29.5625
28.529411764705884
29.235294117647058
29.941176470588236
30.705882352941178
31.470588235294116
32.23529411764706
35.125
36.0
34.705882352941174
35.529411764705884
36.35294117647059
39.5
38.0
38.8235294117647
37.44444444444444
38.22222222222222
39.0
39.833333333333336
40.666666666666664
41.5
40.10526315789474
40.89473684210526
44.0
44.833333333333336
45.666666666666664
46.5
47.388888888888886
45.73684210526316
46.578947368421055
42.904761904761905
45.85
44.42857142857143
45.19047619047619
43.86363636363637
44.59090909090909
45.31818181818182
46.04545454545455
46.77272727272727
45.47826086956522
46.21739130434783
45.0
45.708333333333336
46.458333333333336
51.5
52.31818181818182
53.13636363636363
53.95454545454545
50.208333333333336
50.958333333333336
51.708333333333336
52.458333333333336
51.08
51.8
52.56
53.32
54.12
54.92
55.64
54.73913043478261
55.47826086956522
51.72
52.36
50.125
50.791666666666664
49.36
48.125
48.708333333333336
47.30434782608695
47.91304347826087
48.52173913043478
49.130434782608695
44.5
45.083333333333336
42.916666666666664
43.5
44.083333333333336
43.166666666666664
43.833333333333336
45.47826086956522
46.17391304347826
48.40909090909091
49.13636363636363
51.904761904761905
50.27272727272727
51.0
49.47826086956522
50.21739130434783
55.80952380952381
51.69565217391305
52.43478260869565
55.63636363636363
54.0
54.78260869565217
55.56521739130435
56.34782608695652
57.130434782608695
57.91304347826087
58.69565217391305
54.72
53.34615384615385
54.07692307692308
54.84615384615385
55.57692307692308
54.0
54.708333333333336
55.375
58.43478260869565
54.22727272727273
54.86363636363637
55.5
53.65217391304348
49.13636363636363
47.47826086956522
44.45454545454545
45.0
45.54545454545455
42.523809523809526
41.22727272727273
38.42857142857143
39.095238095238095
36.45
37.15
34.36842105263158
33.35
35.31578947368421
36.05263157894737
36.63157894736842
37.36842105263158
38.10526315789474
36.95
37.75
35.04545454545455
34.21739130434783
33.458333333333336
32.8
32.19230769230769
31.62962962962963
32.25925925925926
32.888888888888886
33.51851851851852
34.18518518518518
36.19230769230769
35.44444444444444
31.8
32.4
34.416666666666664
35.125
32.869565217391305
33.65217391304348
34.43478260869565
32.44
31.96153846153846
32.76923076923077
33.57692307692308
31.928571428571427
32.67857142857143
33.42857142857143
34.17857142857143
36.22222222222222
35.67857142857143
36.42857142857143
37.17857142857143
37.92857142857143
37.3448275862069
39.42857142857143
40.17857142857143
40.964285714285715
40.3448275862069
42.607142857142854
41.96551724137931
42.793103448275865
42.166666666666664
42.96666666666667
43.8
44.63333333333333
44.0
44.806451612903224
43.0
31.423076923076923
31.76923076923077
32.07692307692308
32.42307692307692
22.7
23.2
23.7
25.1875
21.333333333333332
22.0
19.125
18.58823529411765
18.11111111111111
19.823529411764707
19.38888888888889
20.055555555555557
19.63157894736842
19.25
19.85
19.476190476190474
19.136363636363637
19.681818181818183
21.19047619047619
21.761904761904763
24.68421052631579
25.36842105263158
24.75
25.45
26.2
26.95
27.7
28.5
30.842105263157894
30.1
30.95
31.8
32.65
33.5
34.35
33.523809523809526
34.333333333333336
33.54545454545455
32.82608695652174
32.166666666666664
31.56
29.85185185185185
31.653846153846153
33.6
31.74074074074074
32.370370370370374
33.0
33.629629629629626
34.25925925925926
36.23076923076923
36.88461538461539
39.04
39.72
40.4
39.5
45.391304347826086
46.21739130434783
45.083333333333336
45.875
43.07692307692308
43.80769230769231
46.32
47.08
46.0
46.73076923076923
47.5
48.26923076923077
51.04
49.88461538461539
50.73076923076923
49.7037037037037
50.55555555555556
51.407407407407405
52.25925925925926
55.19230769230769
54.03703703703704
54.925925925925924
53.82142857142857
54.67857142857143
53.6551724137931
52.7
53.53333333333333
54.36666666666667
53.41935483870968
54.225806451612904
53.34375
54.15625
54.96875
54.121212121212125
56.65625
54.05882352941177
49.03125
48.27272727272727
49.0
49.72727272727273
48.0
48.6875
49.375
46.15625
44.029411764705884
45.93939393939394
46.484848484848484
45.0625
47.064516129032256
45.733333333333334
46.266666666666666
45.06896551724138
45.62068965517241
41.43333333333333
39.3125
38.193548387096776
38.70967741935484
38.0
39.86206896551724
39.206896551724135
38.43333333333333
39.310344827586206
39.93103448275862
39.58620689655172
40.206896551724135
41.392857142857146
42.035714285714285
43.629629629629626
46.0
50.0
52.91304347826087
55.5
56.36363636363637
54.73913043478261
58.09090909090909
54.041666666666664
52.64
51.34615384615385
54.2
55.0
53.57692307692308
49.208333333333336
49.875
48.48
47.15384615384615
43.6
44.12
42.88461538461539
40.4
39.23076923076923
38.148148148148145
35.65384615384615
36.15384615384615
35.333333333333336
31.703703703703702
32.22222222222222
29.76923076923077
30.307692307692307
29.875
30.5
29.26086956521739
29.91304347826087
30.181818181818183
30.90909090909091
34.85
34.0
36.55
38.526315789473685
37.4
40.21052631578947
41.05263157894737
41.89473684210526
42.73684210526316
37.63636363636363
38.36363636363637
39.09090909090909
38.08695652173913
38.78260869565217
37.833333333333336
38.5
39.083333333333336
29.47826086956522
30.08695652173913
29.416666666666668
31.304347826086957
26.791666666666668
27.375
28.0
28.625
30.52173913043478
31.26086956521739
30.666666666666668
31.416666666666668
32.166666666666664
31.64
32.44
33.24
32.73076923076923
33.5
34.30769230769231
36.56
34.666666666666664
35.48148148148148
36.2962962962963
35.785714285714285
34.13333333333333
34.86666666666667
35.63333333333333
36.4
37.166666666666664
37.96666666666667
36.34375
36.0
35.6764705882353
36.411764705882355
36.970588235294116
25.821428571428573
25.24137931034483
25.586206896551722
26.857142857142858
20.681818181818183
22.238095238095237
21.772727272727273
21.5
22.22222222222222
22.944444444444443
25.058823529411764
27.5
28.375
29.25
30.1875
31.125
28.5
29.333333333333332
30.166666666666668
31.0
33.705882352941174
32.666666666666664
31.736842105263158
29.428571428571427
30.142857142857142
30.857142857142858
31.571428571428573
32.285714285714285
33.04761904761905
33.857142857142854
34.666666666666664
35.476190476190474
34.63636363636363
35.40909090909091
34.65217391304348
35.43478260869565
34.708333333333336
32.80769230769231
33.57692307692308
34.34615384615385
35.11538461538461
35.92307692307692
36.73076923076923
37.57692307692308
37.0
37.81481481481482
38.666666666666664
39.55555555555556
39.0
38.48275862068966
38.0
40.172413793103445
39.666666666666664
40.5
41.333333333333336
40.806451612903224
40.34375
41.15625
42.03125
42.9375
43.84375
43.39393939393939
44.27272727272727
45.15151515151515
44.6764705882353
44.22857142857143
46.38235294117647
44.611111111111114
46.714285714285715
47.542857142857144
44.55263157894737
45.31578947368421
44.8974358974359
46.86842105263158
46.43589743589744
47.205128205128204
47.97435897435897
47.525
47.146341463414636
47.926829268292686
47.54761904761905
48.30952380952381
49.07142857142857
49.833333333333336
50.595238095238095
51.357142857142854
53.41463414634146
55.575
56.45
58.794871794871796
59.717948717948715
59.125
58.5609756097561
60.925
61.775
60.473684210526315
61.31578947368421
62.1578947368421
62.973684210526315
59.60526315789474
60.36842105263158
59.58974358974359
56.41025641025641
57.15384615384615
57.87179487179487
56.68421052631579
57.39473684210526
56.432432432432435
57.13513513513514
55.027027027027025
55.67567567567568
56.2972972972973
54.24324324324324
53.39473684210526
52.86486486486486
52.05263157894737
51.67567567567568
52.2972972972973
52.27777777777778
51.486486486486484
51.44444444444444
50.67567567567568
50.72222222222222
51.361111111111114
48.86486486486486
49.513513513513516
49.80555555555556
50.371428571428574
49.638888888888886
50.25714285714286
51.0
51.74285714285714
51.02777777777778
51.74285714285714
52.51428571428571
53.8235294117647
54.35294117647059
55.14705882352941
57.666666666666664
57.27272727272727
49.53125
48.696969696969695
49.333333333333336
49.93939393939394
44.935483870967744
44.125
44.6875
40.233333333333334
40.833333333333336
38.8125
38.43333333333333
38.96666666666667
37.03125
34.625
35.09375
33.903225806451616
34.354838709677416
33.6
34.1
33.516129032258064
32.9
32.354838709677416
30.967741935483872
31.516129032258064
31.2
29.8125
29.838709677419356
30.451612903225808
29.806451612903224
30.451612903225808
30.933333333333334
30.612903225806452
30.483870967741936
31.161290322580644
32.2
34.06896551724138
34.827586206896555
35.58620689655172
37.17857142857143
37.857142857142854
31.26923076923077
28.655172413793103
28.266666666666666
27.03125
28.483870967741936
25.4
24.4375
25.870967741935484
24.233333333333334
24.096774193548388
22.580645161290324
23.8
23.677419354838708
24.322580645161292
24.967741935483872
25.612903225806452
26.258064516129032
26.93548387096774
26.8125
27.5625
28.375
28.333333333333332
29.181818181818183
30.03030303030303
30.87878787878788
29.914285714285715
29.916666666666668
30.75
32.48571428571429
31.54054054054054
31.5
32.28947368421053
33.10526315789474
33.921052631578945
31.5
25.393939393939394
25.818181818181817
26.12121212121212
26.393939393939394
21.357142857142858
21.714285714285715
22.071428571428573
21.333333333333332
20.5
19.363636363636363
21.0
21.63157894736842
23.88235294117647
24.647058823529413
25.41176470588235
26.176470588235293
26.941176470588236
27.705882352941178
26.88888888888889
27.61111111111111
30.0
30.764705882352942
31.529411764705884
32.294117647058826
33.11764705882353
36.0625
37.0
37.9375
38.875
39.8125
40.75
41.6875
42.625
43.5625
41.88235294117647
38.26315789473684
35.333333333333336
36.04761904761905
35.09090909090909
35.77272727272727
36.45454545454545
37.13636363636363
36.17391304347826
36.82608695652174
34.48
35.08
35.68
36.28
35.53846153846154
36.19230769230769
36.84615384615385
39.04
38.23076923076923
38.96153846153846
39.76923076923077
40.57692307692308
41.42307692307692
40.7037037037037
43.11538461538461
43.96153846153846
44.80769230769231
45.65384615384615
46.5
49.24
46.407407407407405
47.22222222222222
48.03703703703704
50.73076923076923
49.666666666666664
50.48148148148148
51.333333333333336
52.18518518518518
51.142857142857146
50.206896551724135
51.03448275862069
50.166666666666664
51.0
51.833333333333336
52.666666666666664
53.5
54.333333333333336
55.166666666666664
56.03333333333333
55.064516129032256
55.935483870967744
56.83870967741935
55.96875
56.875
54.38235294117647
53.65714285714286
52.97222222222222
53.77777777777778
53.108108108108105
52.473684210526315
51.82051282051282
47.108108108108105
45.333333333333336
44.825
45.425
42.3
42.875
42.41463414634146
40.625
40.21951219512195
38.906976744186046
37.404761904761905
37.95238095238095
36.97560975609756
37.51219512195122
35.63414634146341
36.19512195121951
36.35897435897436
36.94871794871795
37.53846153846154
36.794871794871796
36.475
36.794871794871796
36.475
36.82051282051282
36.5
36.325
37.30769230769231
37.97435897435897
37.675
36.829268292682926
37.46341463414634
38.5
37.285714285714285
38.53658536585366
39.170731707317074
39.68292682926829
40.36585365853659
42.025
42.725
44.53846153846154
45.30769230769231
46.07692307692308
48.10526315789474
48.921052631578945
49.73684210526316
44.861111111111114
45.638888888888886
46.416666666666664
47.166666666666664
43.64705882352941
44.44117647058823
45.205882352941174
41.970588235294116
41.48571428571429
42.17142857142857
40.14705882352941
39.68571428571428
36.65714285714286
36.30555555555556
33.69444444444444
34.361111111111114
33.25714285714286
32.108108108108105
31.555555555555557
32.22222222222222
30.86111111111111
30.675675675675677
31.324324324324323
29.894736842105264
30.55263157894737
30.81081081081081
30.710526315789473
32.24324324324324
32.945945945945944
34.583333333333336
36.31428571428572
36.05555555555556
36.861111111111114
37.666666666666664
39.57142857142857
40.4
41.25714285714286
42.142857142857146
43.02857142857143
43.885714285714286
40.696969696969695
41.57575757575758
42.42424242424242
43.24242424242424
40.21212121212121
41.03030303030303
43.15625
43.806451612903224
44.70967741935484
45.61290322580645
47.733333333333334
48.666666666666664
49.6
52.06896551724138
54.42857142857143
55.392857142857146
56.357142857142854
57.32142857142857
58.285714285714285
59.25
58.172413793103445
59.13793103448276
58.1
59.03333333333333
58.03225806451613
58.935483870967744
59.83870967741935
60.74193548387097
59.71875
58.75757575757576
57.85294117647059
58.6764705882353
56.19444444444444
55.432432432432435
53.15384615384615
41.31428571428572
41.628571428571426
41.857142857142854
40.888888888888886
33.935483870967744
32.166666666666664
32.43333333333333
26.12
24.333333333333332
24.666666666666668
19.285714285714285
19.714285714285715
19.7
19.38095238095238
21.0
21.7
22.4
21.0
20.695652173913043
21.304347826086957
21.91304347826087
22.565217391304348
21.36
22.875
23.5
22.307692307692307
22.923076923076923
23.576923076923077
23.37037037037037
23.178571428571427
23.857142857142858
23.689655172413794
25.214285714285715
26.85185185185185
26.571428571428573
26.310344827586206
27.928571428571427
28.607142857142858
28.275862068965516
28.93103448275862
30.642857142857142
31.357142857142858
32.07142857142857
34.0
36.07692307692308
36.84615384615385
36.22222222222222
35.642857142857146
37.7037037037037
37.07142857142857
39.22222222222222
40.0
39.32142857142857
38.689655172413794
40.857142857142854
41.642857142857146
42.42857142857143
43.214285714285715
41.1
40.54838709677419
40.03125
40.8125
41.59375
42.375
43.15625
43.9375
44.71875
48.53333333333333
49.4
50.266666666666666
51.166666666666664
48.8125
49.65625
49.03030303030303
51.46875
52.375
51.666666666666664
52.54545454545455
50.371428571428574
51.2
49.21621621621622
50.0
49.44736842105263
48.94871794871795
49.717948717948715
50.48717948717949
51.256410256410255
52.02564102564103
54.23684210526316
55.078947368421055
54.48717948717949
55.30769230769231
54.75
57.0
54.89473684210526
55.71052631578947
56.5
57.26315789473684
56.56410256410256
53.256410256410255
54.0
54.717948717948715
53.0
51.05
50.46341463414634
47.51219512195122
46.976190476190474
45.46341463414634
46.048780487804876
45.35
45.925
43.25581395348837
42.714285714285715
44.31707317073171
43.825
44.45
42.170731707317074
42.80487804878049
43.4390243902439
43.325
45.12820512820513
44.17948717948718
46.0
46.729729729729726
47.47222222222222
45.71052631578947
46.62162162162162
46.13157894736842
45.921052631578945
46.68421052631579
47.473684210526315
45.85
46.6
47.375
48.15
48.95
49.75
49.36585365853659
49.0
48.604651162790695
45.829268292682926
46.58536585365854
45.13953488372093
44.81818181818182
43.642857142857146
44.357142857142854
45.04761904761905
46.0
45.525
46.175
44.8974358974359
45.53846153846154
45.0
43.743589743589745
44.35897435897436
43.078947368421055
42.61538461538461
41.94736842105263
42.578947368421055
43.21052631578947
41.8421052631579
40.375
40.12820512820513
40.794871794871796
40.81578947368421
41.5
41.648648648648646
41.26315789473684
40.68421052631579
41.486486486486484
42.21621621621622
42.945945945945944
43.94444444444444
42.648648648648646
43.37837837837838
46.05714285714286
46.82857142857143
48.470588235294116
50.75757575757576
51.54545454545455
45.588235294117645
44.06060606060606
44.72727272727273
44.05882352941177
41.0
39.31428571428572
38.44117647058823
34.1764705882353
33.857142857142854
31.11111111111111
31.77777777777778
32.44444444444444
31.805555555555557
32.47222222222222
33.111111111111114
33.80555555555556
34.5
35.19444444444444
35.94444444444444
36.69444444444444
38.542857142857144
39.34285714285714
37.0
36.794871794871796
37.58974358974359
38.41025641025641
39.205128205128204
40.02564102564103
40.84615384615385
41.69230769230769
41.5
42.35
41.166666666666664
42.0
40.75
31.526315789473685
31.973684210526315
32.31578947368421
32.60526315789474
26.529411764705884
24.705882352941178
25.029411764705884
24.833333333333332
22.137931034482758
22.517241379310345
22.73913043478261
23.217391304347824
25.952380952380953
28.05263157894737
30.27777777777778
34.8125
35.625
36.4375
37.25
38.0625
36.588235294117645
37.35294117647059
36.0
34.78947368421053
35.526315789473685
36.26315789473684
35.15
31.17391304347826
30.458333333333332
31.041666666666668
31.625
30.96
31.56
32.16
32.76
33.4
34.04
36.125
35.36
36.04
35.34615384615385
37.48
38.24
39.08
39.92
40.76
41.6
40.80769230769231
41.61538461538461
45.958333333333336
44.96
45.8
46.64
47.48
48.32
47.26923076923077
46.2962962962963
43.827586206896555
44.55172413793103
45.275862068965516
47.642857142857146
48.392857142857146
49.142857142857146
48.172413793103445
48.89655172413793
49.62068965517241
50.37931034482759
51.13793103448276
53.785714285714285
54.642857142857146
55.535714285714285
56.42857142857143
57.32142857142857
58.214285714285715
59.107142857142854
54.225806451612904
55.064516129032256
55.903225806451616
54.96875
54.09090909090909
53.26470588235294
54.029411764705884
54.794117647058826
55.55882352941177
58.03030303030303
57.088235294117645
59.60606060606061
58.61764705882353
59.38235294117647
60.14705882352941
60.911764705882355
63.57575757575758
66.46875
69.54838709677419
67.13333333333334
64.58620689655173
65.41379310344827
63.96666666666667
64.7
58.48275862068966
59.172413793103445
59.827586206896555
56.51851851851852
55.107142857142854
55.714285714285715
53.73076923076923
56.4
56.96
55.541666666666664
53.88
47.2962962962963
47.81481481481482
47.5
46.2962962962963
46.851851851851855
46.76923076923077
47.38461538461539
45.57692307692308
46.19230769230769
46.24
45.72
44.61538461538461
45.26923076923077
45.46153846153846
45.92307692307692
46.57692307692308
45.48148148148148
46.148148148148145
42.13333333333333
38.84848484848485
38.26470588235294
37.74285714285714
38.31428571428572
36.83783783783784
37.432432432432435
36.1025641025641
35.775
35.46341463414634
36.048780487804876
36.58536585365854
32.575
33.125
33.65
34.175
31.256410256410255
31.82051282051282
32.35897435897436
30.54054054054054
31.10810810810811
31.7027027027027
31.38235294117647
31.2
29.852941176470587
29.714285714285715
30.4
29.0
29.647058823529413
28.848484848484848
28.61764705882353
27.78787878787879
27.58823529411765
26.727272727272727
27.363636363636363
27.09375
27.75
28.677419354838708
29.387096774193548
30.466666666666665
30.193548387096776
31.333333333333332
32.1
33.44827586206897
33.13333333333333
32.38709677419355
33.16129032258065
34.8
35.63333333333333
37.58620689655172
37.44827586206897
38.206896551724135
30.071428571428573
30.75
31.428571428571427
31.0
28.77777777777778
29.51851851851852
29.178571428571427
29.571428571428573
30.357142857142858
30.103448275862068
29.866666666666667
30.633333333333333
32.48275862068966
33.275862068965516
32.93333333333333
32.61290322580645
33.354838709677416
34.12903225806452
34.903225806451616
35.70967741935484
36.516129032258064
37.32258064516129
36.96875
36.666666666666664
37.484848484848484
37.205882352941174
36.94285714285714
37.74285714285714
37.52777777777778
38.361111111111114
39.19444444444444
40.05555555555556
39.810810810810814
40.648648648648646
41.32432432432432
32.935483870967744
33.38709677419355
33.74193548387097
34.0
28.5
27.77777777777778
28.11111111111111
25.40909090909091
26.38095238095238
26.80952380952381
24.823529411764707
25.41176470588235
28.733333333333334
27.333333333333332
28.0
30.714285714285715
29.333333333333332
30.0
30.666666666666668
29.375
28.235294117647058
28.823529411764707
27.77777777777778
25.5
24.761904761904763
25.238095238095237
25.761904761904763
27.6
26.80952380952381
24.956521739130434
24.375
24.833333333333332
25.333333333333332
26.956521739130434
25.28
26.833333333333332
27.375
29.130434782608695
29.73913043478261
29.083333333333332
29.708333333333332
29.16
29.8
31.708333333333332
31.08
31.76
32.44
33.12
35.25
36.0
36.791666666666664
36.08
34.148148148148145
36.23076923076923
37.0
39.28
37.111111111111114
37.888888888888886
38.666666666666664
36.724137931034484
37.48275862068966
38.241379310344826
39.0
39.793103448275865
40.58620689655172
40.03333333333333
39.516129032258064
40.32258064516129
42.5
40.625
41.40625
42.1875
41.666666666666664
42.42424242424242
43.18181818181818
43.96969696969697
43.44117647058823
44.26470588235294
43.8
44.6
45.4
46.2
47.0
47.8
45.972972972972975
46.729729729729726
45.05128205128205
45.82051282051282
46.58974358974359
46.175
46.925
48.8974358974359
49.666666666666664
50.43589743589744
49.875
45.68421052631579
46.36842105263158
47.026315789473685
46.48717948717949
43.62162162162162
43.13157894736842
42.64102564102564
39.26315789473684
39.89473684210526
40.5
38.567567567567565
39.189189189189186
38.333333333333336
36.94736842105263
36.648648648648646
37.32432432432432
35.421052631578945
36.10526315789474
36.78947368421053
37.32432432432432
37.078947368421055
37.75675675675676
38.513513513513516
39.333333333333336
39.027027027027025
40.138888888888886
40.94444444444444
40.32432432432432
41.108108108108105
40.78947368421053
42.7027027027027
42.648648648648646
43.45945945945946
44.270270270270274
45.08108108108108
44.68421052631579
44.30769230769231
45.12820512820513
44.8
46.76923076923077
47.58974358974359
48.41025641025641
49.256410256410255
50.12820512820513
50.97435897435897
47.513513513513516
48.351351351351354
49.189189189189186
48.68421052631579
44.648648648648646
45.4054054054054
46.189189189189186
44.22222222222222
44.97222222222222
44.45945945945946
43.80555555555556
43.2972972972973
43.945945945945944
43.25
42.7027027027027
41.94444444444444
42.52777777777778
42.05714285714286
41.47222222222222
40.138888888888886
40.77777777777778
41.17142857142857
41.82857142857143
42.5
43.1764705882353
43.96969696969697
43.38235294117647
40.513513513513516
41.22222222222222
41.916666666666664
40.45945945945946
40.24324324324324
39.86842105263158
41.054054054054056
41.78378378378378
40.921052631578945
42.75675675675676
42.3421052631579
43.05263157894737
42.58974358974359
37.16216216216216
37.432432432432435
37.972972972972975
37.5
36.513513513513516
34.22222222222222
34.80555555555556
36.26470588235294
34.84848484848485
34.529411764705884
33.42424242424242
34.18181818181818
33.911764705882355
32.205882352941174
33.0
31.944444444444443
31.314285714285713
30.944444444444443
31.694444444444443
33.371428571428574
34.142857142857146
33.94444444444444
34.69444444444444
35.44444444444444
36.22222222222222
37.0
37.80555555555556
37.567567567567565
38.37837837837838
39.21621621621622
38.02564102564103
38.84615384615385
39.69230769230769
40.53846153846154
41.23076923076923
34.878787878787875
35.484848484848484
34.94117647058823
35.35294117647059
33.464285714285715
32.724137931034484
33.13793103448276
31.846153846153847
29.346153846153847
29.807692307692307
25.458333333333332
27.17391304347826
28.5
29.65
28.904761904761905
30.2
30.95
28.818181818181817
29.5
31.61904761904762
32.38095238095238
31.636363636363637
32.36363636363637
31.652173913043477
31.0
31.666666666666668
32.375
31.76
33.791666666666664
36.0
38.40909090909091
39.18181818181818
40.0
40.81818181818182
41.63636363636363
40.65217391304348
39.75
38.92
39.68
40.44
41.2
42.0
42.8
43.6
44.4
45.24
46.08
46.92
47.76
50.625
51.5
50.32
49.26923076923077
50.15384615384615
51.03846153846154
51.92307692307692
50.851851851851855
51.7037037037037
52.55555555555556
53.407407407407405
54.25925925925926
55.111111111111114
54.0
54.857142857142854
55.714285714285715
56.57142857142857
59.55555555555556
56.275862068965516
57.10344827586207
57.93103448275862
58.758620689655174
57.6
60.41379310344828
59.2
60.0
58.83870967741935
59.61290322580645
60.38709677419355
61.193548387096776
62.03225806451613
60.90625
59.878787878787875
60.696969696969695
61.515151515151516
58.8
57.94444444444444
58.75
57.945945945945944
58.729729729729726
57.94736842105263
58.73684210526316
59.55263157894737
60.39473684210526
59.69230769230769
57.71052631578947
56.83783783783784
57.648648648648646
58.432432432432435
59.21621621621622
55.891891891891895
56.62162162162162
57.32432432432432
52.6578947368421
53.31578947368421
53.973684210526315
52.32432432432432
52.972972972972975
49.972972972972975
50.5945945945946
51.24324324324324
49.69444444444444
50.361111111111114
48.82857142857143
49.457142857142856
47.85294117647059
48.5
47.96969696969697
47.205882352941174
45.38235294117647
44.74285714285714
45.970588235294116
45.31428571428572
46.55882352941177
45.885714285714286
46.05714285714286
46.285714285714285
46.97142857142857
48.588235294117645
45.2972972972973
47.166666666666664
47.861111111111114
49.857142857142854
52.05882352941177
54.303030303030305
55.06060606060606
54.23529411764706
55.05882352941177
57.57575757575758
58.42424242424242
59.21212121212121
57.06666666666667
57.86666666666667
58.63333333333333
61.44827586206897
62.206896551724135
59.964285714285715
60.714285714285715
59.3448275862069
57.142857142857146
57.82142857142857
56.370370370370374
55.035714285714285
55.67857142857143
54.25925925925926
54.888888888888886
53.46153846153846
54.11538461538461
53.2
53.88
52.916666666666664
53.625
52.95652173913044
51.458333333333336
51.608695652173914
52.34782608695652
48.375
49.083333333333336
50.95652173913044
51.69565217391305
54.0
54.77272727272727
58.19047619047619
56.31818181818182
59.80952380952381
57.86363636363637
58.63636363636363
62.23809523809524
63.04761904761905
63.857142857142854
61.63636363636363
51.75
53.526315789473685
54.10526315789474
54.68421052631579
47.8235294117647
48.470588235294116
49.11764705882353
50.46666666666667
48.07142857142857
48.857142857142854
54.083333333333336
50.76923076923077
51.61538461538461
52.46153846153846
57.75
58.666666666666664
59.583333333333336
60.5
61.416666666666664
53.42857142857143
54.214285714285715
55.0
55.785714285714285
56.57142857142857
57.357142857142854
58.142857142857146
58.92857142857143
52.3125
53.0625
53.8125
51.35294117647059
52.05882352941177
52.76470588235294
50.5
48.21052631578947
24.23076923076923
24.53846153846154
23.071428571428573
21.8
11.25
11.583333333333334
11.916666666666666
12.25
11.692307692307692
11.285714285714286
11.714285714285714
12.214285714285714
13.692307692307692
15.416666666666666
16.0
16.583333333333332
17.166666666666668
16.46153846153846
18.5
19.166666666666668
18.307692307692307
17.642857142857142
17.066666666666666
17.666666666666668
18.333333333333332
17.875
18.5625
19.25
19.9375
18.333333333333332
18.944444444444443
18.526315789473685
19.157894736842106
18.8
18.476190476190474
20.05
20.7
21.35
22.1
21.761904761904763
21.454545454545453
22.181818181818183
22.90909090909091
24.761904761904763
25.523809523809526
26.285714285714285
27.047619047619047
26.59090909090909
28.666666666666668
28.181818181818183
29.0
29.818181818181817
30.636363636363637
33.0
33.904761904761905
33.22727272727273
32.608695652173914
33.43478260869565
34.26086956521739
35.08695652173913
33.04
33.8
36.0
38.391304347826086
39.21739130434783
40.04347826086956
40.869565217391305
41.69565217391305
40.75
41.541666666666664
42.375
43.208333333333336
44.041666666666664
43.08
43.88
46.541666666666664
47.416666666666664
48.291666666666664
49.166666666666664
50.041666666666664
50.916666666666664
49.72
52.666666666666664
53.583333333333336
52.32
53.2
54.08
54.96
55.84
56.72
57.6
58.48
57.07692307692308
57.92307692307692
54.5
49.11538461538461
49.84615384615385
50.53846153846154
49.2962962962963
47.44
46.23076923076923
46.84615384615385
47.46153846153846
48.04
48.68
49.375
50.041666666666664
48.68
50.25
51.0
53.0
56.27272727272727
59.61904761904762
57.81818181818182
58.72727272727273
59.63636363636363
60.54545454545455
61.45454545454545
62.36363636363637
60.52173913043478
61.391304347826086
62.26086956521739
63.130434782608695
64.04347826086956
62.25
63.125
64.0
62.28
60.69230769230769
61.5
62.30769230769231
63.15384615384615
64.0
64.84615384615384
68.32
69.2
70.12
71.04
74.95833333333333
68.625
66.72
64.92307692307692
65.65384615384616
66.34615384615384
64.08
64.8
60.629629629629626
58.5
59.07692307692308
59.61538461538461
57.8
58.28
56.25
56.708333333333336
57.166666666666664
55.391304347826086
58.36363636363637
53.86363636363637
54.27272727272727
49.86363636363637
50.27272727272727
46.5
44.82608695652174
45.30434782608695
44.86363636363637
45.36363636363637
43.40909090909091
43.90909090909091
44.04761904761905
44.57142857142857
45.2
46.526315789473685
47.10526315789474
49.0
47.05263157894737
46.63157894736842
47.26315789473684
48.0
51.27777777777778
51.94444444444444
36.23529411764706
35.23529411764706
31.894736842105264
32.26315789473684
26.555555555555557
19.823529411764707
20.235294117647058
19.5
15.88888888888889
15.473684210526315
15.1
15.166666666666666
15.764705882352942
16.235294117647058
16.705882352941178
17.176470588235293
18.75
20.6
21.2
21.866666666666667
22.533333333333335
23.2
25.571428571428573
26.285714285714285
27.142857142857142
28.0
28.928571428571427
29.857142857142858
30.857142857142858
31.857142857142858
32.857142857142854
33.857142857142854
34.857142857142854
35.857142857142854
36.42857142857143
22.0
22.5
23.0
23.5
21.125
22.142857142857142
22.714285714285715
25.166666666666668
25.833333333333332
26.5
27.166666666666668
23.857142857142858
21.375
21.875
22.375
22.875
23.375
21.22222222222222
24.375
24.875
25.375
25.875
26.375
26.875
24.333333333333332
24.77777777777778
25.333333333333332
29.125
29.75
30.375
35.42857142857143
31.625
28.666666666666668
29.22222222222222
26.9
25.0
25.545454545454547
26.09090909090909
24.416666666666668
23.0
23.46153846153846
23.923076923076923
24.384615384615383
24.846153846153847
25.307692307692307
25.76923076923077
26.307692307692307
29.083333333333332
29.75
30.416666666666668
31.166666666666668
29.53846153846154
30.384615384615383
31.23076923076923
32.07692307692308
30.571428571428573
31.428571428571427
32.285714285714285
33.142857142857146
31.733333333333334
32.53333333333333
33.333333333333336
34.13333333333333
32.75
31.529411764705884
32.23529411764706
33.0
33.76470588235294
34.588235294117645
35.411764705882355
36.23529411764706
37.11764705882353
38.0
38.88235294117647
39.76470588235294
40.64705882352941
39.22222222222222
37.94736842105263
36.8
39.526315789473685
40.36842105263158
41.21052631578947
39.95
40.75
41.55
42.35
43.15
39.95454545454545
40.68181818181818
41.40909090909091
42.13636363636363
42.86363636363637
45.714285714285715
46.523809523809526
47.333333333333336
39.26315789473684
40.05263157894737
40.78947368421053
41.526315789473685
40.72222222222222
41.388888888888886
39.78947368421053
39.77777777777778
40.333333333333336
36.75
36.526315789473685
37.0
37.473684210526315
37.388888888888886
37.888888888888886
37.8235294117647
38.35294117647059
38.3125
38.875
39.86666666666667
40.46666666666667
41.785714285714285
42.42857142857143
45.69230769230769
54.90909090909091
60.7
61.7
62.7
63.7
64.7
65.7
66.7
67.7
62.45454545454545
63.36363636363637
64.27272727272727
65.18181818181819
66.0909090909091
67.0
67.9090909090909
68.81818181818181
69.72727272727273
70.63636363636364
60.53846153846154
56.785714285714285
48.583333333333336
45.23076923076923
39.46666666666667
39.733333333333334
33.07692307692308
33.46153846153846
33.84615384615385
28.166666666666668
28.583333333333332
29.0
25.181818181818183
25.636363636363637
23.916666666666668
24.333333333333332
27.0
27.636363636363637
28.272727272727273
28.90909090909091
29.636363636363637
30.545454545454547
31.454545454545453
32.36363636363637
33.27272727272727
31.333333333333332
32.166666666666664
33.0
31.23076923076923
32.0
32.84615384615385
33.69230769230769
34.53846153846154
32.857142857142854
33.642857142857146
34.42857142857143
35.214285714285715
36.0
36.785714285714285
37.57142857142857
38.357142857142854
39.0
27.666666666666668
28.25
28.833333333333332
29.416666666666668
24.727272727272727
25.363636363636363
24.0
24.75
23.583333333333332
24.333333333333332
23.153846153846153
23.846153846153847
22.785714285714285
23.428571428571427
24.142857142857142
24.857142857142858
23.866666666666667
24.533333333333335
25.2
25.866666666666667
24.875
25.5
26.125
26.8125
27.5
26.529411764705884
27.176470588235293
27.88235294117647
28.647058823529413
29.41176470588235
28.5
29.22222222222222
29.944444444444443
29.05263157894737
29.473684210526315
14.428571428571429
13.666666666666666
13.866666666666667
14.066666666666666
9.9
11.333333333333334
10.5
10.9
11.666666666666666
12.11111111111111
14.125
13.0
15.125
15.625
16.125
19.0
19.571428571428573
20.285714285714285
21.0
25.333333333333332
26.166666666666668
27.0
27.833333333333332
24.571428571428573
25.285714285714285
26.0
26.714285714285715
27.428571428571427
32.833333333333336
33.666666666666664
34.5
35.333333333333336
36.166666666666664
37.0
37.833333333333336
38.666666666666664
39.5
40.333333333333336
41.166666666666664
42.0
42.833333333333336
43.666666666666664
44.666666666666664
45.666666666666664
46.666666666666664
47.666666666666664
41.714285714285715
42.57142857142857
43.42857142857143
44.285714285714285
45.142857142857146
46.0
46.857142857142854
41.75
42.5
38.44444444444444
39.111111111111114
39.77777777777778
40.44444444444444
37.0
37.6
38.2
38.8
39.4
36.36363636363637
36.90909090909091
37.45454545454545
38.0
38.54545454545455
43.1
43.8
40.45454545454545
41.09090909090909
41.72727272727273
42.45454545454545
39.583333333333336
40.25
44.63636363636363
45.36363636363637
42.25
39.61538461538461
40.23076923076923
40.84615384615385
35.93333333333333
36.46666666666667
32.64705882352941
33.11764705882353
33.588235294117645
34.05882352941177
34.529411764705884
35.0
35.470588235294116
35.94117647058823
36.470588235294116
37.0
31.0625
31.5625
32.0625
30.705882352941178
29.875
30.5
31.125
32.266666666666666
33.13333333333333
34.06666666666667
35.0
35.93333333333333
36.86666666666667
37.8
36.3125
37.1875
38.0625
39.0
39.9375
40.8125
39.23529411764706
40.05882352941177
40.88235294117647
41.705882352941174
42.529411764705884
43.411764705882355
44.294117647058826
45.1764705882353
46.05882352941177
46.94117647058823
50.8125
48.705882352941174
46.833333333333336
47.666666666666664
45.94736842105263
46.78947368421053
47.63157894736842
46.05
46.85
47.65
48.45
46.904761904761905
47.666666666666664
46.22727272727273
46.86363636363637
37.7
38.35
39.0
39.6
33.15
35.473684210526315
36.05263157894737
31.27777777777778
31.944444444444443
32.611111111111114
31.235294117647058
31.941176470588236
31.625
32.4375
33.25
35.4
36.266666666666666
34.8125
33.529411764705884
34.411764705882355
35.294117647058826
36.1764705882353
37.05882352941177
37.94117647058823
38.8235294117647
39.705882352941174
40.588235294117645
41.470588235294116
42.35294117647059
43.23529411764706
44.11764705882353
45.0
43.333333333333336
41.89473684210526
42.73684210526316
43.63157894736842
44.526315789473685
45.421052631578945
46.31578947368421
47.10526315789474
44.0
44.8235294117647
45.64705882352941
41.578947368421055
37.8421052631579
38.578947368421055
39.31578947368421
40.05263157894737
38.75
37.57142857142857
38.23809523809524
39.0
39.76190476190476
40.523809523809526
41.285714285714285
42.04761904761905
42.80952380952381
41.59090909090909
42.36363636363637
41.26086956521739
40.333333333333336
41.125
41.958333333333336
42.791666666666664
45.52173913043478
46.391304347826086
47.26086956521739
48.130434782608695
49.0
49.869565217391305
50.73913043478261
49.458333333333336
50.291666666666664
51.125
51.708333333333336
37.166666666666664
37.388888888888886
37.611111111111114
36.8235294117647
24.785714285714285
22.153846153846153
24.333333333333332
13.555555555555555
13.875
12.88888888888889
13.444444444444445
14.11111111111111
13.3
14.0
14.7
15.4
16.1
16.8
15.909090909090908
16.545454545454547
17.181818181818183
17.818181818181817
18.454545454545453
19.09090909090909
19.727272727272727
20.363636363636363
23.1
23.8
24.5
25.2
25.9
24.181818181818183
27.3
28.0
28.7
29.4
30.1
30.8
31.6
29.545454545454547
30.363636363636363
31.181818181818183
32.0
30.083333333333332
30.833333333333332
34.45454545454545
35.27272727272727
36.09090909090909
36.90909090909091
37.72727272727273
38.54545454545455
39.36363636363637
36.833333333333336
41.0
41.81818181818182
42.63636363636363
39.833333333333336
40.583333333333336
45.09090909090909
38.84615384615385
39.53846153846154
40.23076923076923
40.92307692307692
41.61538461538461
42.30769230769231
43.0
43.69230769230769
44.38461538461539
45.07692307692308
45.84615384615385
50.5
47.38461538461539
48.15384615384615
49.0
49.92307692307692
50.84615384615385
51.76923076923077
52.69230769230769
53.61538461538461
54.53846153846154
55.46153846153846
56.38461538461539
57.30769230769231
58.23076923076923
59.15384615384615
55.785714285714285
56.714285714285715
57.642857142857146
58.57142857142857
59.5
60.42857142857143
61.357142857142854
62.285714285714285
63.214285714285715
59.8
56.42857142857143
57.142857142857146
57.857142857142854
54.6
55.13333333333333
51.57142857142857
52.0
52.42857142857143
48.38461538461539
48.84615384615385
49.30769230769231
44.75
45.25
42.0
42.63636363636363
39.666666666666664
38.36363636363637
35.75
34.083333333333336
32.0
34.916666666666664
35.583333333333336
36.25
36.916666666666664
37.583333333333336
38.25
38.916666666666664
39.583333333333336
40.25
40.916666666666664
41.583333333333336
42.25
46.90909090909091
47.72727272727273
44.583333333333336
45.416666666666664
46.333333333333336
47.25
48.166666666666664
49.083333333333336
50.0
50.916666666666664
51.833333333333336
52.75
53.5
35.27272727272727
35.90909090909091
33.416666666666664
33.833333333333336
28.181818181818183
28.636363636363637
29.181818181818183
26.0
26.6
27.2
24.666666666666668
25.333333333333332
25.0
25.75
26.5
27.25
28.0
28.875
29.75
27.22222222222222
28.0
28.77777777777778
29.555555555555557
30.444444444444443
31.333333333333332
29.0
29.8
30.6
31.4
32.2
33.0
33.8
34.6
35.4
36.2
37.0
37.9
35.27272727272727
36.09090909090909
36.81818181818182
30.3
31.2
32.1
33.0
33.9
34.8
35.7
36.6
37.5
38.4
39.3
40.2
41.1
42.0
43.0
44.0
45.0
46.0
47.0
48.0
49.0
50.0
51.0
52.0
53.0
54.0
55.0
56.0
57.0
58.0
59.0
54.54545454545455
55.45454545454545
56.36363636363637
56.81818181818182
46.833333333333336
47.0
47.166666666666664
43.0
26.333333333333332
26.666666666666668
20.25
15.666666666666666
16.0
16.333333333333332
12.5
12.75
17.333333333333332
17.666666666666668
18.0
18.333333333333332
18.666666666666668
19.0
19.333333333333332
19.666666666666668
20.0
20.333333333333332
21.0
21.666666666666668
22.333333333333332
34.5
23.666666666666668
18.25
18.75
19.25
19.75
20.25
20.75
21.25
21.75
17.8
18.2
18.6
19.0
19.4
19.8
20.2
25.75
26.25
21.6
22.2
22.8
23.4
24.0
24.6
31.5
32.25
26.4
27.0
27.6
28.2
28.8
29.4
30.0
25.5
26.166666666666668
26.833333333333332
27.5
28.166666666666668
28.833333333333332
29.5
25.857142857142858
30.833333333333332
31.5
27.571428571428573
28.142857142857142
28.714285714285715
29.285714285714285
29.857142857142858
30.428571428571427
31.0
31.571428571428573
28.125
28.625
29.125
26.444444444444443
27.0
27.555555555555557
28.11111111111111
25.8
23.90909090909091
22.333333333333332
22.75
23.166666666666668
23.583333333333332
24.083333333333332
26.818181818181817
27.363636363636363
27.90909090909091
28.272727272727273
19.666666666666668
19.88888888888889
20.11111111111111
20.333333333333332
14.125
14.5
14.875
10.75
11.375
11.285714285714286
12.0
12.714285714285714
15.666666666666666
16.5
17.333333333333332
18.166666666666668
19.0
19.833333333333332
20.666666666666668
21.5
22.333333333333332
27.8
28.8
29.8
30.8
31.8
32.8
33.8
34.8
35.8
36.8
37.8
32.333333333333336
33.166666666666664
34.0
34.833333333333336
35.666666666666664
36.5
37.333333333333336
38.166666666666664
39.0
34.142857142857146
34.857142857142854
35.57142857142857
36.142857142857146
27.0
27.666666666666668
28.333333333333332
29.0
35.6
36.4
37.2
38.0
38.8
39.6
40.4
41.2
42.0
43.0
44.0
45.0
46.0
47.0
48.0
49.0
50.0
51.0
52.0
44.166666666666664
38.57142857142857
39.285714285714285
40.0
40.714285714285715
41.42857142857143
42.142857142857146
42.857142857142854
43.57142857142857
44.285714285714285
45.0
40.0
40.625
41.25
41.875
37.77777777777778
38.22222222222222
40.25
41.0
41.75
37.77777777777778
38.44444444444444
39.111111111111114
39.77777777777778
40.44444444444444
41.111111111111114
41.77777777777778
47.75
48.5
49.25
44.55555555555556
45.333333333333336
46.111111111111114
46.888888888888886
47.666666666666664
48.44444444444444
44.4
45.2
46.0
46.8
47.6
48.4
49.2
50.0
50.8
51.7
52.6
53.5
54.4
55.3
56.2
62.888888888888886
20.75
21.75
22.75
23.75
24.75
25.75
26.75
27.75
19.166666666666668
19.833333333333332
20.5
21.166666666666668
21.833333333333332
22.5
23.166666666666668
23.833333333333332
24.5
25.166666666666668
25.833333333333332
26.5
23.285714285714285
20.875
24.428571428571427
25.0
29.833333333333332
30.5
31.166666666666668
31.833333333333332
32.5
33.166666666666664
33.833333333333336
34.5
35.166666666666664
35.833333333333336
43.8
44.6
45.4
46.4
47.4
48.4
41.166666666666664
42.0
42.833333333333336
43.666666666666664
44.5
45.333333333333336
46.166666666666664
47.0
47.833333333333336
48.666666666666664
49.5
50.333333333333336
51.166666666666664
52.0
63.4
64.4
65.4
66.4
67.4
68.4
69.4
70.4
71.4
72.4
73.4
74.4
75.4
76.4
77.4
78.4
79.4
80.4
81.4
82.4
83.4
84.4
85.4
72.0
72.83333333333333
73.66666666666667
74.5
75.33333333333333
76.16666666666667
77.0
77.83333333333333
78.66666666666667
79.5
80.33333333333333
81.16666666666667
82.0
82.83333333333333
100.4
101.4
102.4
103.0
114.66666666666667
115.0
115.33333333333333
115.66666666666667
118.5
119.0
119.5
137.0
138.0
139.0
140.0
141.0
142.0
143.0
144.0
145.0
146.0
147.0
74.0
74.5
75.0
75.5
76.0
76.5
77.0
77.5
78.0
78.5
79.0
79.5
80.0
80.5
81.0
81.5
55.0
55.666666666666664
56.333333333333336
57.0
57.666666666666664
58.333333333333336
59.0
59.666666666666664
60.333333333333336
61.0
61.333333333333336
6.0
6.5
7.0
7.5
8.0
8.5
9.0
10.0
11.0
12.0
13.0
14.0
15.0
16.0
17.0
18.0
19.0
20.0
21.0
22.0
23.0
24.0
16.666666666666668
13.0
10.8
11.2
11.6
10.0
10.333333333333334
10.666666666666666
9.428571428571429
9.714285714285714
10.0
10.285714285714286
10.571428571428571
10.857142857142858
13.0
11.428571428571429
11.714285714285714
12.142857142857142
12.571428571428571
13.142857142857142
13.714285714285714
14.285714285714286
17.5
18.333333333333332
19.166666666666668
20.0
20.833333333333332
21.666666666666668
22.5
23.333333333333332
24.166666666666668
25.0
26.0
27.0
28.0
24.857142857142858
25.714285714285715
26.571428571428573
27.428571428571427
28.285714285714285
29.142857142857142
30.0
30.857142857142858
31.714285714285715
32.57142857142857
33.42857142857143
34.285714285714285
35.142857142857146
36.0
36.857142857142854
37.714285714285715
38.714285714285715
39.0
19.5
20.0
20.5
21.0
21.5
42.0
43.0
44.0
45.0
46.0
47.0
48.0
24.5
25.0
25.5
26.0
26.5
27.0
27.5
28.0
28.5
29.0
29.5
30.0
30.5
31.0
63.0
32.0
32.5
33.0
33.5
34.0
34.5
35.0
35.5
36.0
36.5
37.0
37.5
38.0
38.5
39.0
39.5
40.0
40.5
41.5
42.5
43.5
44.5
45.5
46.5
23.75
24.25
24.75
25.25
25.75
26.25
26.75
27.25
27.75
28.25
28.75
29.25
29.75
30.25
41.0
41.666666666666664
42.666666666666664
43.666666666666664
44.666666666666664
45.666666666666664
46.666666666666664
47.666666666666664
36.5
37.25
38.0
38.75
39.5
40.25
41.0
41.75
42.5
43.25
44.0
44.75
45.5
46.25
47.0
38.2
39.0
39.8
40.6
41.4
42.2
42.8
21.5
21.75
22.0
22.25
13.333333333333334
13.666666666666666
14.0
18.0
18.5
19.0
20.0
21.0
22.0
23.0
24.0
25.0
26.0
27.0
28.0
29.0
30.0
31.0
32.0
33.0
34.0
35.0
36.0
37.0
38.0
39.0
40.0
41.0
42.0
43.0
44.0
45.0
46.0
47.0
48.0
49.0
50.0
51.0
52.0
53.0
53.0
0.0
0.0
0.0
0.0
0.0
0.0
0.0
0.0
0.0
0.0
0.0
0.0
0.0
0.0
0.0
0.0
0.0
0.0
0.0
0.0
0.0
0.0
0.0
0.0
0.0
0.0
0.0
0.0
0.0
0.0
0.0
0.0
0.0
0.0
0.0
0.0
0.0
0.0
0.0
0.0
0.0
0.0
0.0
0.0
0.0
0.0
0.0
0.0
0.0
0.0
0.0
0.0
0.0
0.0
0.0
0.0
0.0
0.0
0.0
0.0
0.0
0.0
0.0
0.0
0.0
0.0
0.0
0.0
0.0
0.0
0.0
0.0
0.0
0.0
0.0
0.0
0.0
0.0
0.0
0.0
0.0
0.0
0.0
0.0
0.0
0.0
0.0
0.0
0.0
0.0
0.5
1.0
1.5
2.0
2.5
3.0
3.5
4.0
4.5
5.0
5.5
6.0
6.5
14.0
15.0
16.0
17.0
18.0
19.0
20.0
21.0
22.0
23.0
24.0
25.0
26.0
27.0
28.0
14.5
15.0
15.5
16.0
16.5
17.0
17.5
18.0
18.5
19.0
19.5
20.0
20.5
21.0
21.5
22.0
15.0
15.666666666666666
16.333333333333332
17.0
17.666666666666668
18.333333333333332
19.0
19.666666666666668
20.333333333333332
21.0
21.666666666666668
22.333333333333332
23.0
23.666666666666668
24.333333333333332
37.5
38.5
39.5
40.5
41.5
42.5
43.5
44.5
45.5
46.5
47.5
48.5
49.5
50.5
51.5
52.5
53.5
54.5
55.5
56.5
57.0
81.0
82.0
83.0
84.0
85.0
86.0
87.0
88.0
89.0
90.0
91.0
92.0
93.0
94.0
95.0
96.0
97.0
98.0
99.0
100.0
101.0
102.0
103.0
104.0
105.0
106.0
107.0
108.0
109.0
110.0
111.0
112.0
113.0
114.0
115.0
116.0
117.0
118.0
119.0
120.0
121.0
122.0
123.0
124.0
124.0
0.0
0.0
0.0
0.0
0.0
0.0
0.0
0.0
0.0
0.0
0.0
0.0
0.0
0.0
0.0
0.0
0.0
0.0
0.0
0.0
0.0
0.0
0.0
0.0
0.0
0.0
0.0
0.0
0.0
0.0
0.0
0.0
0.0
0.0
0.0
0.0
0.0
0.0
0.0
0.0
0.0
0.0
0.0
0.0
0.0
0.0
0.0
0.0
0.0
0.0
0.0
0.0
0.0
0.0
0.0
0.0
0.0
0.0
0.0
0.0
0.0
0.0
0.0
0.0
0.0
0.0
0.0
0.0
0.0
0.0
0.0
0.0
0.0
0.0
0.0
0.0
0.0
0.0
0.0
0.0
0.0
0.0
0.0
0.0
0.0
0.0
0.0
0.0
0.0
0.0
0.0
0.0
0.0
0.0
1.0
2.0
3.0
4.0
5.0
6.0
7.0
8.0
9.0
10.0
11.0
12.0
13.0
14.0
15.0
16.0
17.0
18.0
9.5
10.0
10.5
11.0
11.5
12.0
12.5
13.0
13.5
14.0
14.5
15.0
15.5
16.0
16.5
17.0
35.0
36.0
37.0
38.0
39.0
40.0
41.0
42.0
43.0
44.0
45.0
46.0
47.0
48.0
49.0
50.0
51.0
52.0
26.5
27.0
27.5
28.0
28.5
29.0
29.5
30.0
30.5
31.0
21.0
21.333333333333332
21.666666666666668
22.0
22.333333333333332
22.666666666666668
23.333333333333332
24.0
24.666666666666668
25.333333333333332
26.0
26.666666666666668
27.333333333333332
27.666666666666668
38.5
39.0
40.0
41.0
42.0
43.0
44.0
45.0
46.0
47.0
48.0
49.0
50.0
51.0
52.0
53.0
54.0
55.0
56.0
57.0
58.0
59.0
60.0
61.0
62.0
63.0
64.0
65.0
66.0
67.0
68.0
69.0
70.0
71.0
72.0
73.0
74.0
75.0
76.0
77.0
78.0
79.0
80.0
81.0
81.5
44.0
45.0
46.0
47.0
48.0
49.0
50.0
51.0
52.0
53.0
54.0
55.0
56.0
57.0
58.0
59.0
60.0
61.0
62.0
63.0
64.0
65.0
66.0
67.0
68.0
69.0
70.0
71.0
72.0
36.5
37.0
37.5
38.0
38.5
39.0
39.5
40.0
40.5
41.0
41.5
42.0
42.5
43.0
43.5
44.0
44.5
45.5
46.5
47.5
48.5
49.5
50.5
51.5
52.5
53.5
54.5
55.5
56.5
57.5
58.5
59.5
60.5
61.5
62.5
63.5
64.5
65.5
66.5
67.5
68.5
69.5
70.5
71.5
72.5
72.5
0.0
0.0
0.0
0.0
0.0
0.0
0.0
0.0
0.0
0.0
0.0
0.0
0.0
0.0
0.0
0.0
0.0
0.0
0.0
0.0
0.0
0.0
0.0
0.0
0.0
0.0
0.0
0.0
1.0
2.0
3.0
4.0
5.0
6.0
3.5
4.0
4.5
5.0
5.5
6.0
6.5
7.0
7.5
8.0
8.5
9.0
9.5
20.0
21.0
22.0
23.0
24.0
25.0
26.0
27.0
28.0
29.0
30.0
31.0
32.0
33.0
34.0
35.0
36.0
37.0
38.0
39.0
40.0
41.0
42.0
43.0
44.0
45.0
46.0
47.0
48.0
49.0
50.0
51.0
52.0
53.0
54.0
55.0
56.0
57.0
58.0
59.0
60.0
61.0
62.0
63.0
64.0
65.0
66.0
66.0
0.0
0.0
0.0
0.0
0.0
0.0
0.0
0.0
0.0
0.0
0.0
0.0
0.0
0.0
0.0
0.0
0.0
0.0
0.0
0.0
0.0
0.0
0.0
0.0
0.0
0.0
0.0
0.0
0.0
0.0
0.0
0.0
0.0
0.0
0.0
0.0
0.0
0.0
0.0
0.0
0.0
0.0
0.0
0.0
0.0
0.0
0.0
0.0
0.0
0.0
0.0
0.0
1.0
2.0
3.0
4.0
5.0
6.0
7.0
8.0
9.0
10.0
11.0
12.0
13.0
14.0
15.0
16.0
17.0
18.0
19.0
20.0
21.0
22.0
23.0
24.0
25.0
26.0
27.0
28.0
29.0
30.0
31.0
32.0
33.0
34.0
35.0
36.0
37.0
38.0
39.0
40.0
41.0
42.0
43.0
44.0
45.0
46.0
47.0
48.0
49.0
50.0
51.0
52.0
53.0
54.0
55.0
56.0
57.0
58.0
59.0
60.0
61.0
62.0
63.0
64.0
65.0
66.0
67.0
67.0
0.0
0.0
0.0
0.0
0.0
0.0
0.0
0.0
0.0
0.0
0.0
0.0
0.0
0.0
0.0
0.0
0.0
0.0
0.0
0.0
0.0
0.0
0.0
0.0
0.0
0.0
0.0
0.0
0.0
0.0
0.0
0.0
0.0
0.0
0.0
0.0
0.0
0.0
0.0
0.0
0.0
0.5
1.0
1.5
2.0
2.5
3.0
3.5
4.0
5.0
6.0
7.0
8.0
9.0
10.0
11.0
8.0
8.666666666666666
9.333333333333334
10.0
10.666666666666666
11.333333333333334
12.0
12.666666666666666
13.333333333333334
14.0
14.666666666666666
15.333333333333334
16.0
16.666666666666668
17.333333333333332
27.0
28.0
29.0
30.0
31.0
32.0
33.0
34.0
35.0
36.0
37.0
38.0
26.0
26.666666666666668
27.333333333333332
28.0
28.666666666666668
29.333333333333332
30.0
30.666666666666668
31.333333333333332
24.0
24.5
24.5
0.0
0.0
0.0
0.0
0.5
1.0
1.5
2.0
2.5
3.0
3.5
4.0
4.5
5.0
5.5
6.0
13.0
14.0
15.0
16.0
17.0
18.0
19.0
20.0
21.0
22.0
23.0
24.0
25.0
26.0
27.0
28.0
29.0
30.0
31.0
32.0
33.0
34.0
35.0
36.0
37.0
38.0
39.0
40.0
41.0
42.0
43.0
44.0
45.0
46.0
47.0
48.0
49.0
25.0
25.5
26.0
26.5
27.0
27.5
28.0
28.5
29.0
29.5
30.0
30.5
31.0
31.5
32.0
33.0
34.0
35.0
36.0
37.0
38.0
39.0
40.0
27.333333333333332
28.0
28.666666666666668
29.333333333333332
30.0
30.666666666666668
31.333333333333332
32.0
32.666666666666664
33.333333333333336
34.0
34.666666666666664
35.333333333333336
36.0
36.666666666666664
37.333333333333336
38.333333333333336
39.333333333333336
40.333333333333336
41.333333333333336
42.333333333333336
43.333333333333336
44.333333333333336
45.333333333333336
46.333333333333336
47.333333333333336
48.333333333333336
49.333333333333336
50.333333333333336
51.333333333333336
52.333333333333336
53.333333333333336
40.75
41.5
42.25
43.0
43.75
44.5
45.25
46.0
46.75
47.5
48.25
48.75
27.333333333333332
28.0
28.666666666666668
29.333333333333332
30.0
30.666666666666668
31.333333333333332
48.0
49.0
50.0
51.0
52.0
53.0
54.0
55.0
56.0
57.0
58.0
59.0
60.0
61.0
62.0
63.0
64.0
65.0
66.0
67.0
68.0
69.0
70.0
71.0
72.0
73.0
74.0
75.0
76.0
77.0
78.0
79.0
80.0
81.0
82.0
83.0
84.0
85.0
86.0
87.0
88.0
89.0
90.0
91.0
92.0
93.0
94.0
95.0
96.0
97.0
98.0
99.0
100.0
101.0
102.0
103.0
104.0
105.0
106.0
107.0
108.0
109.0
110.0
111.0
112.0
113.0
114.0
115.0
116.0
117.0
118.0
119.0
120.0
121.0
122.0
123.0
124.0
125.0
126.0
127.0
128.0
129.0
130.0
131.0
132.0
133.0
134.0
134.0
0.0
0.0
0.0
0.0
0.0
0.0
0.0
0.0
0.0
0.0
0.0
0.0
0.0
0.0
0.0
0.0
0.0
0.0
0.0
0.0
0.0
0.0
0.0
0.0
0.0
0.0
0.0
0.0
0.0
0.0
0.0
0.0
0.0
0.0
0.0
0.0
0.0
0.0
0.0
0.0
0.0
0.0
0.0
0.0
0.0
0.0
0.0
0.0
0.0
0.0
0.0
0.0
0.0
0.0
0.0
0.0
0.0
0.0
0.0
0.0
0.0
0.0
0.0
0.0
0.0
0.0
0.0
0.0
0.0
0.0
0.0
0.0
0.0
0.0
0.0
0.0
0.0
0.0
0.0
0.0
0.0
0.0
0.0
0.0
0.0
0.0
0.0
0.0
0.0
0.0
0.0
0.0
0.0
0.0
0.0
0.0
0.0
0.0
0.0
0.0
0.0
0.0
0.0
0.0
0.0
0.0
0.0
0.0
0.0
0.0
0.0
0.0
0.0
0.0
0.0
0.0
0.0
0.0
0.0
0.0
0.0
0.0
0.0
0.0
0.0
0.0
0.0
0.0
0.0
0.0
0.0
0.0
0.0
0.0
0.0
0.0
0.0
0.0
0.0
0.0
0.0
0.0
0.0
0.0
0.0
0.0
0.0
0.0
0.0
0.0
0.0
0.0
0.0
0.0
0.0
0.0
0.0
0.0
0.0
0.0
0.0
0.0
0.0
0.0
0.0
0.0
0.0
0.0
0.0
0.0
0.0
0.0
0.0
0.0
0.0
0.0
0.0
0.0
0.0
0.0
0.0
0.0
0.0
0.0
0.0
0.0
0.0
0.0
0.0
0.0
0.0
0.0
0.0
0.0
0.0
0.0
0.0
0.0
0.0
0.0
0.0
0.0
0.0
0.0
0.0
0.0
0.0
0.0
0.0
0.0
0.0
0.0
0.0
0.0
0.0
0.0
0.0
0.0
0.0
0.0
0.0
0.0
0.0
0.0
0.0
0.0
0.0
0.0
0.0
0.0
0.0
0.0
0.0
0.0
0.0
0.0
0.0
0.0
0.0
0.0
0.0
0.0
0.0
0.0
0.0
0.0
0.0
0.0
0.0
0.0
0.0
0.0
0.0
0.0
0.0
0.0
0.0
0.0
0.0
0.0
0.0
0.0
0.0
0.0
0.0
0.0
0.0
0.0
0.0
0.0
0.0
0.0
0.0
0.0
0.0
0.0
0.0
0.0
0.0
0.0
0.0
0.0
0.0
0.0
0.0
0.0
0.0
0.0
0.0
0.0
0.0
0.0
0.0
0.0
0.0
0.0
0.0
0.0
0.0
0.0
0.0
0.0
0.0
0.0
0.0
0.0
0.0
0.0
0.0
0.0
0.0
0.0
0.0
0.0
0.0
0.0
0.0
0.0
0.0
0.0
0.0
0.0
0.0
0.0
0.0
0.0
0.0
0.0
0.0
0.0
0.0
0.0
0.0
0.0
0.0
0.0
0.0
0.0
0.0
0.0
0.0
0.0
0.0
0.0
0.0
0.0
0.0
0.0
0.0
0.0
0.0
0.0
0.0
0.0
0.0
0.0
0.0
0.0
0.0
0.0
0.0
0.0
0.0
0.0
0.0
0.0
0.0
0.0
0.0
0.0
0.0
0.0
0.0
0.0
0.0
0.0
0.0
0.0
0.0
0.0
0.0
0.0
0.0
0.0
0.0
0.0
0.0
0.0
0.0
0.0
0.0
0.0
0.0
0.0
0.0
0.0
0.0
0.0
0.0
0.0
0.0
0.0
0.0
0.0
0.0
0.0
0.0
0.0
0.0
0.0
0.0
0.0
0.0
0.0
0.0
0.0
0.0
0.0
0.0
0.0
0.0
0.0
0.0
0.0
0.0
0.0
0.0
0.0
0.0
0.0
0.0
0.0
0.0
0.0
0.0
0.0
0.0
0.0
0.0
0.0
0.0
0.0
0.0
0.0
0.0
0.0
0.0
0.0
0.0
0.0
0.0
0.0
0.0
0.0
0.0
0.0
0.0
0.0
0.0
0.0
0.0
0.0
0.0
0.0
0.0
0.0
0.0
0.0
0.0
0.0
0.0
0.0
0.0
0.0
0.0
0.0
0.0
0.0
0.0
0.0
0.0
0.0
0.0
0.0
0.0
0.0
0.0
0.0
0.0
0.0
0.0
0.0
0.0
0.0
0.0
0.0
0.0
0.0
0.0
0.0
0.0
0.0
0.0
0.0
0.0
0.0
0.0
0.0
0.0
0.0
0.0
0.0
0.0
0.0
0.0
0.0
0.0
0.0
0.0
0.0
0.0
0.0
0.0
0.0
0.0
0.0
0.0
0.0
0.0
0.0
0.0
0.0
0.0
0.0
0.0
0.0
0.0
0.0
0.0
0.0
0.0
0.0
0.0
0.0
0.0
0.0
0.0
0.0
0.0
0.0
0.0
0.0
0.0
0.0
0.0
0.0
0.0
0.0
0.0
0.0
0.0
0.0
0.0
0.0
0.0
0.0
0.0
0.0
0.0
0.0
0.0
0.0
0.0
0.0
0.0
0.0
0.0
0.0
0.0
0.0
0.0
0.0
0.0
0.0
0.0
0.0
0.0
0.0
0.0
0.0
0.0
0.0
0.0
0.0
0.0
0.0
0.0
0.0
0.0
0.0
0.0
0.0
0.0
0.0
0.0
0.0
0.0
0.0
0.0
0.0
0.0
0.0
0.0
0.0
0.0
0.0
0.0
0.0
0.0
0.0
0.0
0.0
0.0
0.0
0.0
0.0
0.0
0.0
0.0
0.0
0.0
0.0
0.0
0.0
0.0
0.0
0.0
0.0
0.0
0.0
0.0
0.0
0.0
0.0
0.0
0.0
0.0
0.0
0.0
0.0
0.0
0.0
0.0
0.0
0.0
0.0
0.0
0.0
0.0
0.0
0.0
0.0
0.0
0.0
0.0
0.0
0.0
0.0
0.0
0.0
0.0
0.0
0.0
0.0
0.0
0.0
0.0
0.0
0.0
0.0
0.0
0.0
0.0
0.0
0.0
0.0
0.0
0.0
0.0
0.0
0.0
0.0
0.0
0.0
0.0
0.0
0.0
0.0
0.0
0.0
0.0
0.0
0.0
0.0
0.0
0.0
0.0
0.0
0.0
0.0
0.0
0.0
0.0
0.0
0.0
0.0
0.0
0.0
0.0
0.0
0.0
0.0
0.0
0.0
0.0
0.0
0.0
0.0
0.0
0.0
0.0
0.0
0.0
0.0
0.0
0.0
0.0
0.0
0.0
0.0
0.0
0.0
0.0
0.0
0.0
0.0
0.0
0.0
0.0
0.0
0.0
0.0
0.0
0.0
0.0
0.0
0.0
0.0
0.0
0.0
0.0
0.0
0.0
0.0
0.0
0.0
0.0
0.0
0.0
0.0
0.0
0.0
0.0
0.0
0.0
0.0
0.0
0.0
0.0
0.0
0.0
0.0
0.0
0.0
0.0
0.0
0.0
0.0
0.0
0.0
0.0
0.0
0.0
0.0
0.0
0.0
0.0
0.0
0.0
0.0
0.0
0.0
0.0
0.0
0.0
0.0
0.0
0.0
0.0
0.0
0.0
0.0
0.0
0.0
0.0
0.0
0.0
0.0
0.0
0.0
0.0
0.0
0.0
0.0
0.0
0.0
0.0
0.0
0.0
0.0
0.0
0.0
0.0
0.0
0.0
0.0
0.0
0.0
0.0
0.0
0.0
0.0
0.0
0.0
0.0
0.0
0.0
0.0
0.0
0.0
0.0
0.0
0.0
0.0
0.0
0.0
0.0
0.0
0.0
0.0
0.0
0.0
0.0
0.0
0.0
0.0
0.0
0.0
0.0
0.0
0.0
0.0
0.0
0.0
0.0
0.0
0.0
0.0
0.0
0.0
0.0
0.0
0.0
0.0
