0
0
0
0
0
0
0
0
0
0
0
0
0
0
0
0
0
0
0
0
0
0
0
0
0
0
0
0
0
0
0
0
0
0
0
0
0
0
0
0
0
0
0
0
0
0
0
0
0
0
0
0
0
0
0
0
0
0
0
0
0
0
0
0
0
0
0.0
0.0
0.0
0.0
0.0
0.0
0.0
0.0
0.0
0.0
0.0
0.0
0.0
0.0
0.0
0.0
-1.0
-1.0
-2.0
-2.0
-2.0
-2.0
-2.0
-2.0
-2.0
-2.0
-2.0
-2.0
-2.0
-2.0
-3.0
-3.0
-3.0
-3.0
-3.0
-3.0
-3.0
-3.0
-3.0
-3.0
-3.0
-3.0
-3.0
-3.0
-3.0
-3.0
-3.0
-3.0
-3.0
-3.0
-3.0
-3.0
-3.0
-3.0
-2.0
22.0
-2.0
-2.0
-2.0
-2.0
-2.0
-2.0
-2.0
-2.0
-2.0
-2.0
-2.0
-2.0
-2.0
-2.0
-2.0
-2.0
-2.0
-2.0
-4.0
-4.0
-4.0
-4.0
-4.0
-4.0
-4.0
-4.0
-4.0
-4.0
-4.0
-4.0
-4.0
-4.0
-4.0
-4.0
-4.0
-4.0
-4.0
-4.0
-4.0
-4.0
-5.0
-5.0
-5.0
-5.0
-5.0
-5.0
-5.0
-5.0
-5.0
-5.0
-5.0
-5.0
-5.0
-5.0
-5.0
-5.0
-5.0
-5.0
-5.0
-5.0
-5.0
-5.0
-5.0
-5.0
-5.0
-5.0
-5.0
-5.0
-5.0
-5.0
-5.0
-5.0
-5.0
-5.0
-5.0
-5.0
-5.0
-5.0
-5.0
-6.0
-7.0
-7.0
-8.0
-8.0
-8.0
-8.0
-8.0
-8.0
-8.0
-8.0
-8.0
-8.0
-8.0
-7.0
127.0
-6.0
-5.0
-5.0
127.0
-5.0
-5.0
72.0
-5.0
-5.0
12.0
-5.0
-5.0
-5.0
-5.0
-6.0
-7.0
-7.0
-7.0
-7.0
-7.0
-8.0
-9.0
-9.0
-9.0
-9.0
-9.0
-9.0
-9.0
-9.0
-9.0
-9.0
-9.0
-9.0
-9.0
-9.0
-9.0
-9.0
-9.0
-9.0
-9.0
-9.0
-9.0
-9.0
-10.0
89.0
-8.0
-7.0
52.0
-7.0
-7.0
51.0
-7.0
-7.0
39.0
-7.0
-7.0
-7.0
-7.0
-7.0
-7.0
-7.0
-7.0
-7.0
-7.0
-7.0
-7.0
-7.0
-7.0
-7.0
-7.0
-8.0
-8.0
-8.0
-8.0
-8.0
-8.0
-8.0
-8.0
-8.0
-8.0
-8.0
-8.0
-8.0
-7.0
153.0
-7.0
-7.0
-7.0
-8.0
-8.0
-8.0
-8.0
-9.0
-10.0
-10.0
-10.0
-10.0
-10.0
-10.0
-10.0
-10.0
-11.0
-11.0
-11.0
-11.0
-11.0
-11.0
-12.0
-12.0
-12.0
-12.0
-12.0
-12.0
-12.0
-12.0
-12.0
-13.0
-13.0
-7.0
521.0
-5.0
-6.0
-6.0
128.0
-6.0
-6.0
-6.0
-6.0
-6.0
-6.0
-6.0
-6.0
-6.0
-6.0
-6.0
-6.0
-6.0
-6.0
-6.0
-6.0
-6.0
-6.0
-7.0
-7.0
-8.0
-8.0
-8.0
-8.0
-8.0
-9.0
-9.0
-9.0
-9.0
-9.0
-9.0
-9.0
-9.0
-9.0
-9.0
-9.0
-9.0
-9.0
-9.0
-10.0
-10.0
-10.0
-10.0
-10.0
-10.0
-10.0
-10.0
-10.0
-10.0
-10.0
-10.0
-10.0
-11.0
-11.0
-11.0
-11.0
-11.0
-11.0
-11.0
-11.0
-11.0
-12.0
-12.0
-12.0
-12.0
-12.0
-12.0
-12.0
-12.0
-12.0
-12.0
-12.0
-12.0
-12.0
-12.0
-12.0
-12.0
-12.0
-13.0
-13.0
-13.0
-13.0
-13.0
-14.0
-14.0
-14.0
-14.0
-14.0
-14.0
-13.0
146.0
-10.0
-10.0
-10.0
127.0
-9.0
-8.0
90.0
-9.0
-8.0
88.0
-8.0
67.0
-8.0
-8.0
66.0
-8.0
62.0
-8.0
10.0
-8.0
7.0
-8.0
1.0
-9.0
-9.0
-9.0
-9.0
-10.0
-10.0
-10.0
-10.0
-11.0
-11.0
-12.0
-12.0
-13.0
-13.0
-13.0
-13.0
-13.0
-13.0
-14.0
-14.0
-12.0
188.0
-10.0
-9.0
-8.0
99.0
-9.0
-9.0
35.0
-9.0
-9.0
33.0
-9.0
8.0
-12.0
-12.0
-12.0
-12.0
-12.0
-12.0
-12.0
-12.0
-12.0
-1.0
-11.0
-12.0
-12.0
-12.0
-12.0
-12.0
-12.0
-12.0
-12.0
-12.0
-12.0
-12.0
-12.0
-12.0
-13.0
-13.0
-13.0
164.0
-14.0
-14.0
-15.0
12.0
-17.0
-17.0
-19.0
-19.0
-21.0
-21.0
-21.0
-21.0
-22.0
-22.0
-22.0
-22.0
-22.0
-22.0
-23.0
-23.0
-24.0
-25.0
-26.0
-26.0
-28.0
-28.0
-28.0
-28.0
-28.0
-28.0
-28.0
-29.0
-29.0
-23.0
480.0
-17.0
-17.0
-17.0
181.0
64.0
-18.0
18.0
-18.0
-18.0
-18.0
-18.0
-19.0
-19.0
-19.0
-19.0
-19.0
-19.0
-19.0
-20.0
-20.0
-20.0
-20.0
-20.0
-21.0
-21.0
-21.0
-22.0
-22.0
-22.0
-23.0
-23.0
-23.0
-24.0
-24.0
-24.0
-24.0
-24.0
-24.0
-24.0
-25.0
-25.0
-26.0
-26.0
-26.0
-26.0
-26.0
-26.0
-27.0
-27.0
-27.0
-27.0
-29.0
-30.0
-31.0
-32.0
-33.0
-33.0
-33.0
-33.0
-33.0
-33.0
-33.0
-33.0
-33.0
-34.0
-35.0
-35.0
-35.0
-35.0
-35.0
-35.0
-35.0
-35.0
-36.0
-36.0
-36.0
-36.0
-36.0
-36.0
-36.0
-37.0
-37.0
-37.0
-37.0
-37.0
-37.0
-37.0
-37.0
-37.0
-38.0
-39.0
-39.0
-39.0
-38.0
241.0
-35.0
-35.0
-34.0
160.0
-32.0
-31.0
104.0
-30.0
-29.0
101.0
-29.0
102.0
-27.0
103.0
-28.0
-28.0
102.0
-27.0
96.0
-26.0
93.0
-25.0
93.0
-26.0
89.0
-28.0
88.0
-28.0
60.0
38.0
-28.0
-28.0
29.0
-30.0
28.0
-31.0
16.0
-31.0
0.0
-32.0
-9.0
-33.0
-22.0
-1.0
303.0
-28.0
-28.0
-28.0
39.0
127.0
-25.0
-24.0
128.0
-23.0
111.0
-24.0
-24.0
108.0
-24.0
91.0
-23.0
90.0
-22.0
85.0
-21.0
74.0
-23.0
72.0
-23.0
72.0
-24.0
-24.0
-25.0
-26.0
60.0
-26.0
37.0
-26.0
34.0
17.0
-26.0
10.0
-26.0
-25.0
283.0
-23.0
-24.0
-25.0
171.0
-25.0
-26.0
4.0
-27.0
-28.0
-26.0
-29.0
-30.0
-30.0
-1.0
-30.0
-30.0
-30.0
-31.0
-32.0
-33.0
-33.0
-33.0
-33.0
-33.0
-33.0
-34.0
-34.0
-34.0
-35.0
-35.0
-35.0
-35.0
-36.0
-31.0
539.0
-18.0
-15.0
-15.0
458.0
-17.0
-18.0
238.0
29.0
-19.0
99.0
-19.0
-19.0
-19.0
-19.0
-20.0
-20.0
-20.0
-20.0
-21.0
-21.0
-21.0
-21.0
-21.0
-21.0
-21.0
-21.0
-21.0
-21.0
-21.0
-21.0
-21.0
-21.0
-22.0
-22.0
-22.0
-22.0
-22.0
-22.0
-22.0
-22.0
-22.0
-22.0
-22.0
-22.0
-23.0
-23.0
-24.0
-24.0
-25.0
-25.0
-25.0
-25.0
-26.0
-26.0
-26.0
-26.0
-26.0
-27.0
-27.0
-27.0
-27.0
-27.0
-27.0
-27.0
-28.0
-28.0
-28.0
-28.0
-28.0
-29.0
-29.0
-29.0
-29.0
-30.0
-30.0
-30.0
-31.0
-31.0
-31.0
-31.0
-32.0
-32.0
-33.0
-33.0
-33.0
-34.0
-34.0
-35.0
-35.0
-36.0
-36.0
-37.0
-37.0
-35.0
169.0
-34.0
-33.0
-33.0
126.0
-32.0
-32.0
-23.0
-29.0
-28.0
-27.0
-28.0
122.0
-26.0
-25.0
101.0
-23.0
-24.0
100.0
-23.0
96.0
-22.0
-21.0
85.0
-22.0
78.0
-22.0
77.0
-24.0
-24.0
74.0
74.0
-24.0
50.0
-26.0
-26.0
-27.0
-28.0
35.0
-28.0
-29.0
32.0
27.0
-31.0
-30.0
323.0
-28.0
-28.0
-27.0
152.0
-28.0
-29.0
150.0
-28.0
-29.0
141.0
-29.0
-29.0
124.0
-28.0
118.0
-28.0
104.0
-27.0
102.0
-25.0
-26.0
41.0
-28.0
38.0
-29.0
36.0
-31.0
33.0
-32.0
31.0
-32.0
10.0
-32.0
0.0
-7.0
-32.0
-33.0
-10.0
-31.0
259.0
-28.0
-29.0
-29.0
111.0
8.0
-32.0
95.0
-32.0
-32.0
-32.0
19.0
-33.0
-33.0
-33.0
-34.0
-34.0
-37.0
-37.0
-37.0
-38.0
-39.0
-39.0
-40.0
-40.0
-40.0
-41.0
-41.0
-41.0
-41.0
-41.0
-41.0
-41.0
-41.0
-36.0
463.0
-25.0
-22.0
30.0
178.0
64.0
-22.0
95.0
28.0
-23.0
7.0
9.0
-24.0
-24.0
-24.0
-24.0
-24.0
-24.0
-24.0
-24.0
-24.0
-24.0
-24.0
-24.0
-25.0
-26.0
-26.0
-26.0
-26.0
-26.0
-27.0
-27.0
-27.0
-27.0
-27.0
-27.0
-27.0
-27.0
-27.0
-27.0
-27.0
-27.0
-27.0
-27.0
-27.0
-28.0
-28.0
-28.0
-28.0
-28.0
-29.0
-29.0
-29.0
-29.0
-30.0
-32.0
-32.0
-32.0
-32.0
-33.0
-33.0
-33.0
-33.0
-33.0
-34.0
-34.0
-34.0
-34.0
-34.0
-34.0
-34.0
-34.0
-35.0
-35.0
-35.0
-35.0
-35.0
-35.0
-35.0
-35.0
-35.0
-35.0
-35.0
-35.0
-36.0
-36.0
-36.0
-36.0
-37.0
-37.0
-37.0
-37.0
-37.0
-38.0
-36.0
172.0
-34.0
-34.0
-34.0
-33.0
187.0
-33.0
-32.0
178.0
-31.0
174.0
-32.0
-33.0
169.0
-34.0
151.0
-32.0
137.0
-31.0
135.0
-30.0
-32.0
-31.0
-31.0
132.0
-34.0
130.0
-34.0
124.0
-35.0
105.0
-35.0
102.0
-35.0
97.0
-35.0
95.0
-36.0
49.0
-38.0
24.0
11.0
-39.0
3.0
-32.0
288.0
-35.0
-36.0
-36.0
6.0
156.0
-36.0
-36.0
135.0
-35.0
126.0
-33.0
-34.0
122.0
-34.0
123.0
-32.0
115.0
-32.0
109.0
-32.0
-31.0
93.0
88.0
-32.0
-33.0
72.0
-35.0
-35.0
-36.0
-36.0
60.0
-38.0
-38.0
56.0
-40.0
30.0
-40.0
27.0
-38.0
133.0
-37.0
-37.0
-38.0
37.0
-39.0
-40.0
32.0
-42.0
-43.0
30.0
-43.0
-44.0
-36.0
-44.0
-44.0
-44.0
-44.0
-44.0
-45.0
-45.0
-45.0
-45.0
-45.0
-45.0
-45.0
-45.0
-45.0
-45.0
-46.0
-46.0
-46.0
-46.0
-46.0
-40.0
598.0
-29.0
-23.0
-19.0
539.0
-18.0
-19.0
350.0
56.0
30.0
229.0
-20.0
53.0
104.0
-20.0
-19.0
-20.0
-20.0
-20.0
-20.0
-20.0
-20.0
-21.0
-22.0
-22.0
-23.0
-23.0
-23.0
-25.0
-25.0
-25.0
-25.0
-25.0
-26.0
-26.0
-26.0
-26.0
-26.0
-26.0
-27.0
-27.0
-27.0
-27.0
-27.0
-27.0
-27.0
-28.0
-28.0
-28.0
-28.0
-28.0
-28.0
-28.0
-29.0
-30.0
-30.0
-31.0
-32.0
-32.0
-32.0
-33.0
-33.0
-33.0
-33.0
-34.0
-34.0
-34.0
-35.0
-36.0
-36.0
-36.0
-36.0
-36.0
-36.0
-36.0
-36.0
-37.0
-37.0
-37.0
-38.0
-38.0
-39.0
-39.0
-39.0
-39.0
-39.0
-40.0
-40.0
-40.0
-40.0
-40.0
-40.0
-40.0
-41.0
-39.0
314.0
-38.0
-37.0
-38.0
294.0
-37.0
-36.0
-7.0
130.0
-33.0
126.0
-32.0
-32.0
122.0
-31.0
118.0
-31.0
99.0
-31.0
61.0
-34.0
41.0
-35.0
36.0
-37.0
11.0
-38.0
7.0
-41.0
-19.0
-42.0
-26.0
-42.0
-42.0
-42.0
-42.0
-43.0
-43.0
-43.0
-43.0
-43.0
-44.0
-45.0
-46.0
-44.0
338.0
-40.0
-39.0
-41.0
269.0
-40.0
-39.0
-8.0
-35.0
-41.0
-40.0
-41.0
165.0
-41.0
137.0
-38.0
-41.0
131.0
-40.0
-39.0
-38.0
-31.0
-37.0
134.0
-20.0
-34.0
134.0
-34.0
114.0
-33.0
-26.0
-32.0
-32.0
101.0
100.0
-32.0
-33.0
96.0
-34.0
146.0
125.0
-31.0
-30.0
-29.0
152.0
-31.0
-31.0
137.0
-33.0
-33.0
82.0
-32.0
-9.0
-16.0
-33.0
-26.0
-34.0
-34.0
-13.0
-35.0
-37.0
-39.0
-40.0
-25.0
-42.0
-42.0
-44.0
-44.0
-46.0
-46.0
-46.0
-48.0
-48.0
-49.0
-42.0
617.0
-32.0
-31.0
-27.0
540.0
-26.0
-25.0
313.0
-25.0
-27.0
141.0
-28.0
15.0
-6.0
-29.0
2.0
-30.0
-26.0
-31.0
-31.0
-31.0
-31.0
-31.0
-31.0
-32.0
-32.0
-32.0
-32.0
-33.0
-33.0
-33.0
-33.0
-33.0
-34.0
-34.0
-35.0
-35.0
-35.0
-36.0
-36.0
-36.0
-36.0
-37.0
-39.0
-39.0
-39.0
-39.0
-39.0
-39.0
-39.0
-39.0
-39.0
-39.0
-39.0
-39.0
-39.0
-39.0
-39.0
-40.0
-40.0
-40.0
-40.0
-40.0
-40.0
-41.0
-42.0
-42.0
-42.0
-43.0
-43.0
-44.0
-45.0
-45.0
-45.0
-45.0
-45.0
-45.0
-45.0
-45.0
-46.0
-46.0
-46.0
-46.0
-46.0
-46.0
-46.0
-46.0
-46.0
-46.0
-46.0
-46.0
-48.0
-48.0
-48.0
-46.0
175.0
-45.0
-45.0
-44.0
120.0
-43.0
-43.0
-43.0
122.0
-41.0
115.0
-40.0
-39.0
94.0
-38.0
79.0
-37.0
79.0
-36.0
-37.0
64.0
-37.0
-37.0
57.0
-37.0
55.0
52.0
-38.0
50.0
-39.0
41.0
-40.0
35.0
-41.0
34.0
-41.0
-41.0
-42.0
-43.0
5.0
2.0
-44.0
-44.0
-44.0
252.0
6.0
-43.0
-43.0
243.0
-45.0
-45.0
-46.0
235.0
-49.0
-49.0
105.0
-48.0
-50.0
98.0
-47.0
-45.0
-44.0
-44.0
240.0
-47.0
-23.0
-45.0
-46.0
-45.0
-47.0
226.0
-48.0
-45.0
15.0
-48.0
-52.0
-51.0
-40.0
-52.0
-51.0
-49.0
-51.0
-1.0
-51.0
-46.0
241.0
-42.0
-39.0
-38.0
182.0
-40.0
-44.0
114.0
-44.0
-44.0
48.0
-1.0
-41.0
51.0
-44.0
-45.0
-46.0
-46.0
-48.0
-47.0
-46.0
-47.0
-48.0
-51.0
-55.0
-54.0
-56.0
-56.0
-55.0
-54.0
-55.0
-54.0
-55.0
-56.0
-49.0
514.0
-40.0
-41.0
-39.0
261.0
27.0
-43.0
27.0
16.0
-45.0
-34.0
-45.0
-43.0
-43.0
-44.0
-44.0
-45.0
-46.0
-44.0
-45.0
-43.0
-44.0
-45.0
-46.0
-46.0
-46.0
-47.0
-47.0
-47.0
-46.0
-45.0
-47.0
-47.0
-49.0
-51.0
-52.0
-52.0
-52.0
-52.0
-52.0
-52.0
-50.0
-51.0
-51.0
-52.0
-53.0
-54.0
-58.0
-59.0
-60.0
-61.0
-61.0
-61.0
-59.0
-60.0
-60.0
-62.0
-63.0
-63.0
-63.0
-63.0
-64.0
-64.0
-62.0
-64.0
-64.0
-66.0
-66.0
-67.0
-67.0
-68.0
-68.0
-68.0
-68.0
-66.0
-67.0
-67.0
-67.0
-67.0
-67.0
-69.0
-70.0
-70.0
-70.0
-71.0
-71.0
-70.0
-71.0
-71.0
-71.0
-71.0
-73.0
-74.0
-74.0
-73.0
253.0
-70.0
-66.0
-65.0
209.0
-67.0
-66.0
148.0
-67.0
101.0
-40.0
-64.0
103.0
-63.0
103.0
-63.0
103.0
-62.0
71.0
-61.0
-61.0
-61.0
-61.0
-60.0
-61.0
-62.0
-62.0
-62.0
58.0
-64.0
-63.0
-64.0
-64.0
-65.0
-66.0
-62.0
-66.0
-66.0
-66.0
22.0
-66.0
19.0
-69.0
9.0
-69.0
363.0
-67.0
-66.0
-65.0
113.0
-66.0
-65.0
170.0
-67.0
-67.0
-71.0
112.0
-68.0
-68.0
365.0
-69.0
-67.0
113.0
-68.0
105.0
329.0
-68.0
-71.0
99.0
-71.0
-72.0
-73.0
104.0
156.0
-50.0
-69.0
-70.0
-69.0
103.0
-70.0
-70.0
-71.0
88.0
-73.0
-71.0
275.0
-68.0
-71.0
-71.0
160.0
-73.0
-72.0
118.0
-74.0
-72.0
29.0
-77.0
23.0
-78.0
-16.0
-77.0
-22.0
-79.0
-81.0
-42.0
-67.0
-80.0
-82.0
-83.0
-84.0
-75.0
-83.0
-82.0
-83.0
-83.0
-86.0
-86.0
-86.0
-86.0
-80.0
549.0
-67.0
-60.0
-57.0
318.0
-58.0
-58.0
193.0
-58.0
-58.0
98.0
-55.0
-6.0
-43.0
-54.0
-55.0
-56.0
-57.0
-58.0
-57.0
-57.0
-57.0
-58.0
-57.0
-55.0
-56.0
-56.0
-56.0
-57.0
-58.0
-58.0
-59.0
-59.0
-59.0
-57.0
-56.0
-56.0
-59.0
-59.0
-58.0
-58.0
-58.0
-58.0
-59.0
-60.0
-61.0
-61.0
-63.0
-63.0
-60.0
-57.0
-58.0
-60.0
-60.0
-60.0
-61.0
-62.0
-62.0
-62.0
-61.0
-64.0
-61.0
-61.0
-61.0
-61.0
-61.0
-61.0
-61.0
-61.0
-61.0
-60.0
-59.0
-60.0
-62.0
-63.0
-64.0
-65.0
-66.0
-66.0
-67.0
-67.0
-68.0
-69.0
-69.0
-69.0
-70.0
-71.0
-73.0
-73.0
-73.0
-73.0
-73.0
-73.0
-73.0
-74.0
169.0
-72.0
-71.0
-71.0
-69.0
170.0
-71.0
-72.0
154.0
-71.0
139.0
-69.0
-68.0
116.0
-68.0
113.0
-66.0
-65.0
113.0
-63.0
112.0
-62.0
99.0
-64.0
98.0
-64.0
93.0
-64.0
-64.0
-64.0
-64.0
67.0
-64.0
60.0
-64.0
0.0
1.0
-64.0
0.0
-66.0
-14.0
-67.0
-28.0
-69.0
-69.0
249.0
-69.0
-68.0
-68.0
272.0
-72.0
-71.0
524.0
-71.0
-72.0
246.0
-68.0
-70.0
-68.0
-68.0
228.0
-67.0
479.0
-65.0
-64.0
-64.0
-65.0
243.0
-63.0
-63.0
-63.0
242.0
-66.0
-67.0
248.0
-66.0
239.0
-61.0
-59.0
-61.0
-62.0
255.0
-65.0
287.0
-68.0
12.0
-65.0
95.0
181.0
-65.0
-63.0
-64.0
-62.0
-58.0
-59.0
-59.0
-58.0
265.0
-60.0
-62.0
-61.0
-62.0
260.0
-63.0
-61.0
-63.0
-65.0
-67.0
-66.0
-65.0
-64.0
-64.0
-64.0
-66.0
-68.0
-68.0
-70.0
-71.0
-73.0
-67.0
519.0
268.0
-52.0
-49.0
403.0
-47.0
-47.0
185.0
-13.0
-47.0
74.0
16.0
-7.0
-27.0
-54.0
-54.0
-53.0
-52.0
-53.0
-53.0
-52.0
-51.0
-51.0
-52.0
-52.0
-52.0
-54.0
-52.0
-53.0
-56.0
-56.0
-59.0
-57.0
-58.0
-58.0
-60.0
-59.0
-59.0
-57.0
-56.0
-59.0
-58.0
-60.0
-60.0
-60.0
-60.0
-61.0
-61.0
-58.0
-58.0
-56.0
-57.0
-58.0
-58.0
-59.0
-59.0
-60.0
-59.0
-60.0
-63.0
-63.0
-61.0
-60.0
-61.0
-62.0
-63.0
-64.0
-65.0
-66.0
-67.0
-67.0
-66.0
-66.0
-66.0
-67.0
-67.0
-68.0
-69.0
-69.0
-69.0
-69.0
-70.0
-67.0
-66.0
-65.0
-64.0
-65.0
-65.0
-65.0
-67.0
-67.0
-67.0
-67.0
-69.0
128.0
63.0
-64.0
-64.0
-63.0
199.0
-64.0
-64.0
121.0
-62.0
107.0
-61.0
-59.0
112.0
-56.0
-55.0
106.0
-55.0
85.0
-55.0
52.0
-55.0
32.0
-56.0
28.0
-59.0
27.0
-59.0
7.0
-59.0
-1.0
-10.0
-59.0
-24.0
-59.0
-35.0
-59.0
-43.0
-59.0
-49.0
-60.0
-60.0
-60.0
-60.0
-60.0
-58.0
808.0
-57.0
-55.0
-55.0
676.0
-54.0
-56.0
323.0
-54.0
-56.0
-58.0
394.0
-58.0
-57.0
-59.0
477.0
-57.0
-56.0
428.0
-58.0
-58.0
-57.0
-55.0
327.0
-57.0
426.0
-57.0
-56.0
-57.0
401.0
-55.0
566.0
-51.0
-53.0
-52.0
408.0
-53.0
357.0
-51.0
-45.0
287.0
-44.0
-44.0
-45.0
81.0
-49.0
-52.0
-51.0
-51.0
296.0
-55.0
240.0
-57.0
-56.0
-58.0
-59.0
-61.0
-64.0
-63.0
-66.0
-65.0
-65.0
-67.0
-68.0
-68.0
-69.0
-69.0
-70.0
-68.0
-64.0
-60.0
-58.0
-58.0
-59.0
-56.0
547.0
-46.0
-40.0
-40.0
388.0
-42.0
-42.0
138.0
13.0
-41.0
70.0
-41.0
-38.0
-38.0
-37.0
-38.0
-38.0
-40.0
-40.0
-41.0
-42.0
-43.0
-46.0
-45.0
-47.0
-48.0
-49.0
-51.0
-50.0
-49.0
-48.0
-49.0
-49.0
-50.0
-50.0
-51.0
-51.0
-51.0
-51.0
-51.0
-52.0
-50.0
-50.0
-51.0
-52.0
-52.0
-52.0
-53.0
-53.0
-54.0
-55.0
-56.0
-56.0
-58.0
-58.0
-58.0
-58.0
-58.0
-58.0
-59.0
-59.0
-60.0
-60.0
-60.0
-60.0
-60.0
-60.0
-60.0
-60.0
-60.0
-61.0
-61.0
-61.0
-62.0
-62.0
-62.0
-62.0
-63.0
-63.0
-63.0
-63.0
-63.0
-63.0
-63.0
-63.0
-63.0
-63.0
-63.0
-63.0
-63.0
-63.0
-63.0
-63.0
-63.0
-61.0
208.0
-59.0
-59.0
-59.0
179.0
-57.0
-56.0
72.0
-55.0
68.0
-53.0
-52.0
68.0
-51.0
24.0
-50.0
25.0
-48.0
-48.0
26.0
-48.0
24.0
-48.0
12.0
-49.0
5.0
-50.0
3.0
-50.0
-4.0
-50.0
-15.0
-50.0
-17.0
-50.0
-35.0
-46.0
-50.0
-50.0
-50.0
-50.0
-50.0
-50.0
-50.0
-48.0
1057.0
-44.0
-42.0
-42.0
1103.0
-45.0
-45.0
861.0
-44.0
-43.0
-43.0
590.0
-43.0
-42.0
423.0
-43.0
-44.0
411.0
-45.0
282.0
916.0
-42.0
-42.0
-42.0
295.0
-41.0
-41.0
444.0
-42.0
-40.0
-41.0
-40.0
291.0
408.0
-40.0
-39.0
-37.0
-35.0
283.0
-32.0
-12.0
-32.0
-33.0
-32.0
-34.0
-36.0
-35.0
-36.0
-35.0
-34.0
-34.0
-34.0
182.0
-33.0
-33.0
-34.0
-34.0
-33.0
-37.0
-37.0
-35.0
-35.0
-36.0
-38.0
-37.0
-36.0
-38.0
-40.0
-43.0
-43.0
-44.0
-46.0
-47.0
-47.0
-43.0
405.0
-38.0
-38.0
-36.0
43.0
-37.0
-37.0
-39.0
-39.0
-39.0
-37.0
-37.0
-38.0
-36.0
-37.0
-37.0
-38.0
-39.0
-39.0
-40.0
-39.0
-39.0
-38.0
-38.0
-38.0
-37.0
-38.0
-40.0
-41.0
-41.0
-42.0
-42.0
-43.0
-43.0
-43.0
-43.0
-42.0
-42.0
-40.0
-40.0
-40.0
-39.0
-39.0
-39.0
-39.0
-40.0
-41.0
-42.0
-43.0
-44.0
-44.0
-44.0
-44.0
-44.0
-44.0
-44.0
-44.0
-44.0
-44.0
-45.0
-45.0
-45.0
-45.0
-45.0
-45.0
-46.0
-46.0
-46.0
-46.0
-46.0
-46.0
-46.0
-46.0
-46.0
-48.0
-47.0
-48.0
-48.0
-48.0
-48.0
-48.0
-48.0
-48.0
-49.0
-49.0
-49.0
-49.0
-49.0
-49.0
-49.0
-49.0
-49.0
-50.0
-50.0
-49.0
260.0
-47.0
-48.0
-48.0
105.0
-49.0
-48.0
96.0
-47.0
-46.0
74.0
-46.0
64.0
-46.0
-46.0
37.0
-46.0
35.0
-46.0
-39.0
-47.0
-41.0
-47.0
-41.0
-47.0
-47.0
-47.0
-47.0
-47.0
-47.0
-18.0
-46.0
-46.0
-46.0
-46.0
-46.0
-46.0
-46.0
-46.0
-46.0
-46.0
-46.0
-46.0
-46.0
-44.0
1209.0
-39.0
-37.0
-38.0
444.0
351.0
-37.0
706.0
-38.0
-38.0
1565.0
-36.0
-37.0
318.0
-36.0
235.0
-34.0
1128.0
-32.0
-34.0
346.0
-36.0
554.0
-33.0
-33.0
332.0
-30.0
691.0
-32.0
-33.0
-32.0
-31.0
226.0
305.0
-31.0
-32.0
-32.0
176.0
-31.0
-29.0
231.0
-26.0
-24.0
-23.0
129.0
-24.0
-26.0
-27.0
89.0
-26.0
-26.0
-26.0
-27.0
-27.0
-28.0
-29.0
-30.0
-29.0
-30.0
-31.0
-31.0
-31.0
-32.0
-32.0
-32.0
-32.0
-31.0
-32.0
-32.0
-33.0
-33.0
-34.0
-36.0
-37.0
-33.0
542.0
-26.0
-26.0
-26.0
159.0
-26.0
-26.0
-22.0
-26.0
-26.0
-26.0
-26.0
-26.0
-28.0
-28.0
-28.0
-28.0
-28.0
-28.0
-28.0
-28.0
-28.0
-28.0
-28.0
-28.0
-29.0
-29.0
-30.0
-30.0
-30.0
-30.0
-30.0
-31.0
-31.0
-31.0
-31.0
-31.0
-31.0
-32.0
-32.0
-32.0
-32.0
-32.0
-32.0
-33.0
-33.0
-33.0
-33.0
-33.0
-33.0
-33.0
-33.0
-33.0
-33.0
-33.0
-33.0
-33.0
-33.0
-34.0
-34.0
-34.0
-34.0
-34.0
-34.0
-34.0
-34.0
-34.0
-34.0
-34.0
-34.0
-34.0
-34.0
-34.0
-34.0
-34.0
-34.0
-35.0
-35.0
-35.0
-35.0
-35.0
-35.0
-35.0
-35.0
-35.0
-35.0
-36.0
-35.0
-36.0
-36.0
-36.0
-36.0
-36.0
-36.0
-34.0
202.0
-32.0
-32.0
-31.0
121.0
-30.0
-29.0
84.0
-29.0
-29.0
83.0
-29.0
56.0
-29.0
-30.0
31.0
-30.0
-5.0
-31.0
-26.0
-31.0
-31.0
-31.0
-31.0
-31.0
-31.0
-31.0
-31.0
-31.0
-31.0
-32.0
-32.0
-33.0
-34.0
-34.0
-34.0
-35.0
-35.0
-35.0
-35.0
-35.0
-35.0
-35.0
-35.0
-34.0
333.0
-32.0
-30.0
-28.0
233.0
-27.0
-28.0
103.0
-25.0
-26.0
-25.0
349.0
-20.0
-21.0
146.0
-19.0
-20.0
-19.0
-18.0
1345.0
-18.0
-15.0
154.0
-14.0
-13.0
107.0
-14.0
28.0
-13.0
-16.0
56.0
-12.0
344.0
-11.0
336.0
-10.0
-12.0
273.0
-9.0
-7.0
113.0
37.0
-9.0
-8.0
-9.0
-9.0
-9.0
-9.0
-10.0
-11.0
-11.0
-12.0
-12.0
-14.0
-14.0
-15.0
-16.0
-17.0
-18.0
-18.0
-18.0
-19.0
-20.0
-21.0
-22.0
-22.0
-22.0
-22.0
-22.0
-22.0
-22.0
-22.0
-22.0
-22.0
-17.0
453.0
-15.0
-15.0
-15.0
89.0
-15.0
-15.0
-15.0
-15.0
-15.0
-15.0
-15.0
-15.0
-15.0
-15.0
-15.0
-15.0
-15.0
-15.0
-15.0
-15.0
-15.0
-16.0
-16.0
-17.0
-17.0
-17.0
-17.0
-18.0
-18.0
-18.0
-18.0
-18.0
-18.0
-18.0
-18.0
-18.0
-18.0
-18.0
-18.0
-18.0
-18.0
-18.0
-20.0
-20.0
-20.0
-20.0
-20.0
-20.0
-20.0
-21.0
-21.0
-21.0
-21.0
-21.0
-21.0
-21.0
-21.0
-21.0
-22.0
-23.0
-23.0
-23.0
-23.0
-23.0
-23.0
-23.0
-23.0
-23.0
-23.0
-23.0
-23.0
-23.0
-23.0
-23.0
-24.0
-24.0
-24.0
-24.0
-24.0
-25.0
-25.0
-25.0
-26.0
-26.0
-26.0
-26.0
-26.0
-26.0
-26.0
-26.0
-27.0
-27.0
-27.0
-25.0
165.0
-22.0
-21.0
-21.0
51.0
24.0
-21.0
-21.0
62.0
-22.0
16.0
-22.0
-22.0
1.0
-22.0
-22.0
-6.0
-22.0
-22.0
-22.0
-22.0
-22.0
-22.0
-22.0
-23.0
-23.0
-23.0
-23.0
-23.0
-23.0
-23.0
-23.0
-23.0
-23.0
-23.0
-23.0
-23.0
-23.0
-23.0
-23.0
-23.0
-23.0
-23.0
-23.0
-21.0
711.0
-19.0
-18.0
-17.0
1531.0
-16.0
-16.0
1526.0
-14.0
-13.0
383.0
-11.0
1525.0
-9.0
-9.0
1500.0
-7.0
1484.0
-8.0
1486.0
-8.0
1468.0
-8.0
1177.0
-8.0
1040.0
-8.0
927.0
-8.0
469.0
-8.0
282.0
87.0
-8.0
57.0
-8.0
-8.0
-8.0
-8.0
-6.0
266.0
-6.0
-7.0
-7.0
-7.0
-7.0
-7.0
-7.0
-7.0
-7.0
-7.0
-7.0
-8.0
-8.0
-9.0
-9.0
-9.0
-9.0
-9.0
-9.0
-9.0
-9.0
-9.0
-9.0
-9.0
-9.0
-9.0
-9.0
-9.0
-9.0
-10.0
-10.0
-10.0
-10.0
-5.0
488.0
-5.0
-6.0
-6.0
-1.0
-7.0
-7.0
-7.0
-7.0
-7.0
-7.0
-7.0
-7.0
-7.0
-7.0
-7.0
-7.0
-7.0
-7.0
-7.0
-7.0
-7.0
-7.0
-7.0
-8.0
-8.0
-8.0
-8.0
-8.0
-8.0
-8.0
-8.0
-8.0
-8.0
-8.0
-8.0
-8.0
-8.0
-8.0
-9.0
-9.0
-9.0
-9.0
-9.0
-9.0
-9.0
-9.0
-9.0
-9.0
-9.0
-9.0
-9.0
-9.0
-9.0
-9.0
-9.0
-9.0
-9.0
-9.0
-9.0
-9.0
-9.0
-9.0
-9.0
-9.0
-9.0
-9.0
-9.0
-9.0
-9.0
-9.0
-9.0
-9.0
-9.0
-9.0
-9.0
-9.0
-9.0
-9.0
-9.0
-9.0
-9.0
-9.0
-9.0
-9.0
-9.0
-9.0
-9.0
-9.0
-9.0
-9.0
-9.0
-9.0
-9.0
-8.0
157.0
-6.0
-6.0
-6.0
110.0
-6.0
-6.0
66.0
-6.0
-6.0
-6.0
-6.0
-6.0
-6.0
-6.0
-6.0
-6.0
-6.0
-6.0
-6.0
-6.0
-6.0
-6.0
-6.0
-6.0
-6.0
-6.0
-6.0
-6.0
-6.0
-6.0
-6.0
-6.0
-6.0
-6.0
-6.0
-6.0
-6.0
-6.0
-6.0
-6.0
-6.0
-6.0
-6.0
-5.0
168.0
-3.0
-2.0
-2.0
161.0
-2.0
-2.0
138.0
-2.0
-2.0
138.0
-2.0
-2.0
-2.0
-2.0
-2.0
-2.0
-2.0
-2.0
-2.0
-2.0
-2.0
-2.0
-2.0
-2.0
-2.0
-2.0
-2.0
-2.0
-2.0
-2.0
-2.0
-2.0
-2.0
-2.0
-2.0
-2.0
-2.0
-2.0
0.0
173.0
141.0
-1.0
-1.0
-1.0
-1.0
-1.0
-1.0
-2.0
-2.0
-2.0
-2.0
-2.0
-2.0
-2.0
-2.0
-2.0
-2.0
-2.0
-2.0
-2.0
-2.0
-2.0
-2.0
-2.0
-2.0
-2.0
-2.0
-2.0
-2.0
-2.0
-2.0
-2.0
-3.0
-1.0
26.0
-1.0
-1.0
-1.0
-1.0
-1.0
-1.0
-1.0
-1.0
-1.0
-1.0
-1.0
-1.0
-2.0
-2.0
-2.0
-2.0
-2.0
-2.0
-2.0
-2.0
-2.0
-2.0
-2.0
-2.0
-3.0
-3.0
-3.0
-3.0
-3.0
-3.0
-3.0
-3.0
-3.0
-3.0
-3.0
-3.0
-3.0
-3.0
-3.0
-3.0
-3.0
-3.0
-3.0
-4.0
-4.0
-4.0
-4.0
-4.0
-4.0
-4.0
-4.0
-4.0
-4.0
-4.0
-4.0
-4.0
-4.0
-4.0
-4.0
-4.0
-4.0
-4.0
-4.0
-4.0
-4.0
-5.0
-5.0
-5.0
-6.0
-6.0
-6.0
-6.0
-6.0
-6.0
-6.0
-6.0
-6.0
-6.0
-6.0
-6.0
-6.0
-6.0
-6.0
-6.0
-6.0
-6.0
-6.0
-6.0
-7.0
-7.0
-7.0
-7.0
-7.0
-5.0
81.0
-5.0
-5.0
-5.0
-5.0
-5.0
-5.0
-5.0
-5.0
-5.0
-5.0
-5.0
-5.0
-5.0
-5.0
-5.0
-5.0
-5.0
-5.0
-5.0
-5.0
-5.0
-5.0
-5.0
-5.0
-5.0
-5.0
-5.0
-5.0
-5.0
-5.0
-5.0
-6.0
-6.0
-6.0
-6.0
-6.0
-6.0
-6.0
-6.0
-6.0
-6.0
-6.0
-6.0
-4.0
283.0
-2.0
-2.0
-2.0
94.0
-2.0
-2.0
73.0
-2.0
-2.0
-2.0
-2.0
-2.0
-2.0
-2.0
-2.0
-2.0
-2.0
-2.0
-2.0
-2.0
-2.0
-2.0
-2.0
-2.0
-2.0
-2.0
-2.0
-2.0
-2.0
-2.0
-2.0
-2.0
-2.0
-2.0
-2.0
-2.0
-2.0
-2.0
-1.0
109.0
-1.0
-1.0
-1.0
-1.0
-1.0
-1.0
-1.0
-1.0
-1.0
-1.0
-1.0
-1.0
-1.0
-1.0
-1.0
-1.0
-1.0
-1.0
-1.0
-1.0
-1.0
-1.0
-1.0
-1.0
-1.0
-1.0
-1.0
-1.0
-1.0
-1.0
-1.0
-1.0
-1.0
0.0
87.0
0.0
0.0
0.0
0.0
0.0
0.0
0.0
0.0
0.0
0.0
0.0
0.0
0.0
-1.0
-1.0
-1.0
-1.0
-1.0
-1.0
-1.0
-1.0
-1.0
-1.0
-1.0
-1.0
-1.0
-1.0
-1.0
-1.0
-1.0
-1.0
-1.0
-1.0
-1.0
-1.0
-1.0
-1.0
-1.0
-1.0
-1.0
-1.0
-1.0
-1.0
-1.0
-1.0
-1.0
-1.0
-1.0
-1.0
-1.0
-1.0
-1.0
-1.0
-1.0
-1.0
-1.0
-1.0
-1.0
-1.0
-1.0
-1.0
-1.0
-1.0
-1.0
-1.0
-1.0
-1.0
-1.0
-1.0
-1.0
-1.0
-1.0
-1.0
-1.0
-1.0
-1.0
-1.0
-1.0
-1.0
-1.0
-1.0
-1.0
-1.0
-1.0
-1.0
-1.0
-1.0
-1.0
-1.0
-1.0
-1.0
-1.0
-1.0
0.0
80.0
0
0
0
0
0
0
0
0
0
0
0
0
0
0
0
0
0
0
0
0
0
0
0
0
0
0
0
0
0
0
0
0
0
0
0
0
0
0
0
0
0
0
0
0
0
0
0
0
0
0
0
0
0
0
0
0
0
0
0
0
0
0
0
0
0
0
0
0
0
0
0
0
0
0
0
0
0
0
0
0
0
0
0
0
0
0
0
0
0
0
0
0
0
0
0
0
0
0
0
0
0
0
0
0
0
0
0
0
0
0
0
0
0
0
0
0
0
0
0.0
0.0
0.0
0.0
0.0
0.0
0.0
0.0
0.0
0.0
0.0
0.0
0.0
0.0
0.0
0.0
0.0
0.0
0.0
0.0
0
0
0
0
0
0
0
0
0
0
0
0
0
0
0
0
0
0
0.0
0.0
0.0
0.0
0.0
0.0
0.0
0.0
0.0
0.0
0.0
0.0
0.0
0.0
0.0
0.0
0
0
0
0
0
0
0
0
0
0
0
0
0
0
0
0
0
0
0.0
0.0
0.0
0.0
0.0
0.0
0.0
0.0
0.0
0.0
0.0
0.0
0.0
0.0
0.0
0.0
0.0
0.0
0.0
0.0
0.0
0.0
0.0
0.0
0.0
0.0
0
0
0
0
0
0
0
0
0
0
0
0
0
0
0
0
0
0
0
0
0
0
0
0
0
0
0
0
0
0
0
0
0
0
0
0
0
0
0
0
0
0
0
0
0
0
0
0
0
0
0
0
0
0
0
0
0
0
0
0
0
0
0
0
0
0
0
0
0
0
0
0
0.0
0.0
0.0
0.0
0.0
0.0
0.0
0.0
0.0
0.0
0.0
0.0
0.0
0.0
0.0
0.0
-1.0
-1.0
-1.0
-1.0
-1.0
-1.0
-1.0
-1.0
-1.0
-1.0
-1.0
-1.0
-1.0
-1.0
-1.0
-1.0
-1.0
-1.0
-1.0
-1.0
-1.0
-1.0
-1.0
-1.0
-1.0
-1.0
-1.0
-1.0
-1.0
-1.0
-1.0
-1.0
-1.0
-1.0
-1.0
-1.0
-1.0
-1.0
-1.0
-1.0
-1.0
-1.0
-1.0
-1.0
-1.0
-1.0
-1.0
-1.0
-1.0
-1.0
-1.0
-1.0
-1.0
-1.0
-1.0
-1.0
-1.0
-1.0
-1.0
-1.0
-2.0
-2.0
-2.0
-2.0
-2.0
-2.0
-2.0
-2.0
-2.0
-2.0
-2.0
-2.0
-2.0
-2.0
-2.0
-2.0
-2.0
-2.0
-2.0
-2.0
-3.0
-3.0
-3.0
-3.0
-3.0
-3.0
-3.0
-3.0
-3.0
-3.0
-3.0
-3.0
-3.0
-3.0
-3.0
-3.0
-3.0
-3.0
-3.0
-3.0
-3.0
-3.0
-3.0
-3.0
-3.0
-3.0
-3.0
-3.0
-3.0
-3.0
-3.0
-3.0
-3.0
-3.0
-3.0
-3.0
-3.0
-3.0
-3.0
-3.0
-3.0
-3.0
-3.0
-3.0
-2.0
62.0
-2.0
-2.0
-2.0
-2.0
-2.0
-2.0
-2.0
-2.0
-2.0
-2.0
-2.0
-2.0
-2.0
-2.0
-2.0
-2.0
-2.0
-2.0
-2.0
-2.0
-3.0
-3.0
-3.0
-3.0
-3.0
-3.0
-3.0
-3.0
-3.0
-3.0
-3.0
-3.0
-3.0
-3.0
-3.0
-3.0
-3.0
-3.0
-3.0
-3.0
-3.0
-3.0
-3.0
-1.0
192.0
0.0
0.0
0.0
90.0
0.0
0.0
0.0
0
0
0
0
0
0
0
0
0
0
0
0
0
0
0
0
0
0
0
0
0
0
0
0
0
0
0
0
0
0
0
0
0
0
0
0
0
0
0
0
0
0
0
0
0
0
0
0
0
0
0
0
0
0
0
0
0
0
0
0
0
0
0
0
0
0
0
0
0
0
0
0
0
0
0
0
0
0
0
0
0
0
0
0
0
0
0
0
0
0
0
0
0
0.0
0.0
0.0
0.0
0.0
0.0
0.0
0.0
0.0
0.0
0.0
0.0
0.0
0.0
0.0
0.0
0.0
0.0
0.0
0.0
0.0
-1.0
-1.0
-1.0
-1.0
-1.0
-1.0
-1.0
-1.0
-1.0
-1.0
-1.0
-1.0
-1.0
-1.0
-1.0
-1.0
-1.0
-1.0
-1.0
-1.0
-1.0
-1.0
-1.0
-1.0
-1.0
-1.0
-2.0
-2.0
-2.0
-2.0
-2.0
-2.0
-2.0
-2.0
-2.0
-2.0
-2.0
-2.0
-2.0
-2.0
-2.0
-2.0
-2.0
-2.0
-2.0
-2.0
-2.0
-1.0
46.0
-1.0
-1.0
-1.0
-1.0
-1.0
-1.0
-1.0
-1.0
-1.0
-1.0
-1.0
-1.0
-1.0
-1.0
-1.0
-2.0
-2.0
-2.0
-2.0
-2.0
-2.0
-2.0
-2.0
-2.0
-2.0
-2.0
-2.0
-2.0
-2.0
-2.0
-2.0
-2.0
-2.0
-2.0
-2.0
-2.0
-2.0
-2.0
-2.0
-2.0
-2.0
-2.0
-2.0
-2.0
-2.0
-2.0
-2.0
-2.0
-2.0
-2.0
-2.0
-2.0
-2.0
-2.0
-2.0
-2.0
-2.0
-2.0
-2.0
-2.0
-2.0
-2.0
-2.0
-2.0
-2.0
-2.0
-2.0
-2.0
-2.0
-4.0
-4.0
-4.0
-4.0
-4.0
-4.0
-4.0
-4.0
-4.0
-4.0
-4.0
-4.0
-4.0
-4.0
-3.0
103.0
-3.0
-3.0
-3.0
-3.0
-3.0
-3.0
-3.0
-4.0
-4.0
-4.0
-4.0
-4.0
-4.0
-4.0
-4.0
-4.0
-4.0
-4.0
-4.0
-4.0
-4.0
-4.0
-4.0
-4.0
-4.0
-4.0
-4.0
-4.0
-4.0
-4.0
-4.0
-4.0
-4.0
-2.0
150.0
-2.0
-2.0
-2.0
-2.0
-2.0
-2.0
-2.0
-2.0
-2.0
-2.0
-2.0
-2.0
-2.0
-2.0
-2.0
-2.0
-2.0
-2.0
-2.0
-2.0
-2.0
-2.0
-2.0
-2.0
-2.0
-2.0
-2.0
-2.0
-2.0
-2.0
-2.0
-2.0
-2.0
-2.0
-2.0
-2.0
-2.0
-2.0
-2.0
-2.0
-2.0
-2.0
-2.0
-2.0
-2.0
-2.0
-2.0
-2.0
-2.0
-2.0
-2.0
-2.0
-2.0
-2.0
-2.0
-2.0
-2.0
-2.0
-2.0
-2.0
-2.0
-2.0
-2.0
-2.0
-2.0
-2.0
-2.0
-2.0
-2.0
-2.0
-2.0
-2.0
-2.0
-2.0
-2.0
-2.0
-2.0
-2.0
-2.0
-2.0
-2.0
-2.0
-2.0
-2.0
-2.0
-2.0
-2.0
-2.0
-2.0
-2.0
-2.0
-2.0
-2.0
-1.0
143.0
-1.0
-1.0
-1.0
-1.0
-1.0
-1.0
-1.0
-1.0
-1.0
-1.0
-1.0
-1.0
-1.0
-1.0
-1.0
-1.0
-1.0
-1.0
-1.0
-1.0
-1.0
-1.0
-1.0
-1.0
-1.0
-1.0
-1.0
-1.0
-1.0
-1.0
-1.0
-1.0
-1.0
-1.0
-1.0
-1.0
-1.0
-1.0
-1.0
-1.0
-1.0
-1.0
-1.0
0.0
166.0
0
0
0
0
0
0
0
0
0
0
0
0
0
0
0
0
0
0
0
0
0
0
0
0
0
0
0
0
0
0
0
0
0
0
0
0
0
0
0
0
0
0
0
0
0
0
0
0
0
0
0
0
0
0
0
0
0
0
0
0
0
0
0
0
0
0
0
0
0
0
0
0
0
0
0
0
0
0
0
0
0
0
0
0
0
0
0
0
0
0
0
0
0
0
0
0
0
0
0
0
0
0
0
0
0
0
0
0
0
0
0
0
0
0
0
0
0
0
0
0
0
0
0
0
0
0
0
0
0
0
0
0
0
0
0
0
0
0
0
0
0
0
0
0
0
0
0
0
0
0
0
0
0
0
0
0
0
0
0
0
0
0
0
0
0
0
0
0
0
0
0
0
0
0
0
0
0
0
0
0
0
0
0
0
0
0
0
0
0
0
0
0
0
0
0
0
0
0
0
0
0
0
0
0
0
0
0
0
0
0
0
0
0
0
0
0
0
0
0
0
0
0
0
0
0
0
0
0
0
0
0
0
0
0
0
0
0
0
0
0
0
0
0
0
0
0
0
0
0
0
0
0
0
0
0
0
0
0
0
0
0
0
0
0
0
0
0
0
0
0
0
0
0
0
0
0
0
0
0
0
0
0
0
0
0
0
0
0
0
0
0
0
0
0
0
0
0
0
0
0
0
0
0
0
0
0
0
0
0
0
0
0
0
0
0
0
0
0
0
0
0
0
0
0
0
0
0
0
0
0
0
0
0
0
0
0
0
0
0
0
0
0
0
0
0
0
0
0
0
0
0
0
0
0
0
0
0
0
0
0
0
0
0
0
0
0
0
0
0
0
0
0
0
0
0
0
0
0
0
0
0
0
0
0
0
0
0
0
0
0
0
0
0
0
0
0
0
0
0
0
0
0
0
0
0
0
0
0
0
0
0
0
0
0
0
0
0
0
0
0
0
0
0
0
0
0
0
0
0
0
0
0
0
0
0
0
0
0
0
0
0
0
0
0
0
0
0
0
0
0
0
0
0
0
0
0
0
0
0
0
0
0
0
0
0
0
0
0
0
0
0
0
0
0
0
0
0
0
0
0
0
0
0
0
0
0
0
0
0
0
0
0
0
0
0
0
0
0
0
0
0
0
0
0
0
0
0
0
0
0
0
0
0
0
0
0
0
0
0
0
0
0
0
0
0
0
0
0
0
0
0
0
0
0
0
0
0
0
0
0
0
0
0
0
0
0
0
0
0
0
0
0
0
0
0
0
0
0
0
0
0
0
0
0
0
0
0
0
0
0
0
0
0
0
0
0
0
0
0
0
0
0
0
0
0
0
0
0
0
0
0
0
0
0
0
0
0
0
0
0
0
0
0
0
0
0
0
0
0
0
0
0
0
0
0
0
0
0
0
0
0
0
0
0
0
0
0
0
0
0
0
0
0
0
0
0
0
0
0
0
0
0
0
0
0
0
0
0
0
0
0
0
0
0
0
0
0
0
0
0
0
0
0
0
0
0
0
0
0
0
0
0
0
0
0
0
0
0
0
0
0
0
0
0
0
0
0
0
0
0
0
0
0
0
0
0
0
0
0
0
0
0
0
0
0
0
0
0
0
0
0
0
0
0
0
0
0
0
0
0
0
0
0
0
0
0
0
0
0
0
0
0
0
0
0
0
0
0
0
0
0
0
0
0
0
0
0
0
0
0
0
0
0
0
0
0
0
0.0
0.0
0.0
0.0
0.0
0.0
0.0
0.0
0.0
0.0
0.0
0.0
0.0
0.0
0.0
0.0
0.0
-1.0
-1.0
-1.0
-1.0
-1.0
-1.0
-1.0
-1.0
-1.0
-1.0
-1.0
-1.0
-1.0
-1.0
-1.0
-1.0
-1.0
-1.0
-1.0
-1.0
-1.0
-1.0
-1.0
-1.0
-1.0
-1.0
-1.0
-1.0
-1.0
-1.0
-1.0
-1.0
-1.0
-1.0
-1.0
-1.0
-1.0
-1.0
-1.0
0.0
39.0
0
0
0
0
0
0
0
0
0
0
0
0
0
0
0
0
0
0
0
0
0
0
0
