128.15083333333334
83.55888888888889
95.09027777777777
89.47583333333333
97.97166666666666
84.43972222222222
91.21027777777778
112.30416666666666
129.18666666666667
86.90611111111112
127.5775
79.02083333333333
106.67361111111111
81.81472222222222
90.025
96.18805555555555
88.11916666666667
84.55111111111111
90.40472222222222
89.85416666666667
128.9686111111111
88.28305555555555
114.015
88.19944444444444
97.06416666666667
96.0575
91.80777777777777
89.91833333333334
89.2
83.04027777777777
83.42055555555555
87.01527777777778
88.48305555555555
78.35333333333334
89.16027777777778
91.88361111111111
83.93805555555555
87.5575
105.24138888888889
90.61472222222223
91.09305555555555
86.35555555555555
98.06
80.29277777777777
87.76694444444445
104.70222222222222
90.59833333333333
82.42777777777778
109.03333333333333
98.6138888888889
78.88083333333333
74.10222222222222
97.96666666666667
86.0575
99.77305555555556
90.06583333333333
92.49861111111112
82.905
80.93472222222222
88.37444444444445
87.53861111111111
81.10694444444445
85.3386111111111
81.27777777777777
78.56444444444445
85.04444444444445
81.39305555555555
85.2775
92.68944444444445
79.93305555555555
96.36777777777777
91.37861111111111
86.57388888888889
82.09944444444444
87.4413888888889
72.47888888888889
86.59305555555555
80.02527777777777
84.77638888888889
78.80361111111111
90.10194444444444
84.11805555555556
81.79944444444445
84.29583333333333
80.76833333333333
78.24277777777777
86.21416666666667
86.93305555555555
80.65527777777778
79.88472222222222
83.5975
82.45361111111112
80.42333333333333
87.18166666666667
84.25777777777778
91.54027777777777
76.68583333333333
84.03805555555556
93.25361111111111
76.04916666666666
77.12611111111111
82.91222222222223
81.9486111111111
75.30694444444444
82.83333333333333
87.92527777777778
85.81194444444445
78.22694444444444
71.33694444444444
96.38694444444444
80.12166666666667
83.08944444444444
75.76305555555555
79.05611111111111
89.545
84.11666666666666
98.3338888888889
83.915
73.47527777777778
79.78888888888889
86.96694444444445
83.57416666666667
74.67388888888888
73.70555555555555
74.55722222222222
78.1175
78.44361111111111
87.37694444444445
87.27916666666667
73.42055555555555
94.57555555555555
84.76055555555556
70.56277777777778
77.67722222222223
75.38638888888889
79.35444444444444
76.52194444444444
74.01138888888889
79.61333333333333
76.27583333333334
77.20972222222223
82.74916666666667
78.80833333333334
80.59666666666666
77.82583333333334
70.4661111111111
79.10916666666667
85.4661111111111
73.29472222222222
79.33027777777778
72.7675
76.46805555555555
68.83055555555555
76.41555555555556
84.48
77.89055555555555
70.85555555555555
76.23083333333334
80.60083333333333
82.64222222222222
91.66
76.38444444444444
66.51555555555555
65.97583333333333
71.4975
70.80638888888889
73.71388888888889
71.16444444444444
69.88111111111111
68.86666666666666
73.62305555555555
76.80666666666667
81.80166666666666
77.25944444444444
70.87722222222222
79.37555555555555
73.6913888888889
72.56
76.96666666666667
72.0663888888889
73.28277777777778
76.9375
66.83722222222222
69.0513888888889
70.90083333333334
78.17055555555555
69.49555555555555
69.17611111111111
77.02305555555556
58.48166666666667
66.41972222222222
62.40361111111111
73.0325
65.32138888888889
79.64111111111112
69.92166666666667
73.62055555555555
73.07222222222222
70.66194444444444
71.45777777777778
70.16416666666667
74.34805555555556
70.80194444444444
66.45111111111112
73.94333333333333
73.73277777777778
67.82833333333333
77.7538888888889
75.20194444444445
73.49694444444444
68.30194444444444
67.55833333333334
72.015
75.44888888888889
69.58361111111111
71.42583333333333
64.86083333333333
70.7225
59.96722222222222
64.15527777777778
69.85194444444444
71.21833333333333
65.6763888888889
66.045
68.25694444444444
68.17416666666666
73.85777777777778
69.37222222222222
68.31583333333333
70.60722222222222
64.0375
70.96472222222222
66.92111111111112
67.36916666666667
67.83666666666667
67.67694444444444
64.24472222222222
65.07638888888889
68.51527777777778
64.62972222222223
66.32416666666667
68.80611111111111
69.71305555555556
68.3975
64.11888888888889
64.87972222222223
69.91527777777777
62.48916666666667
63.21361111111111
63.455
64.91777777777777
67.99527777777777
60.42777777777778
67.95138888888889
63.3025
67.58416666666666
63.584722222222226
65.50055555555555
58.788333333333334
68.58638888888889
72.22888888888889
63.36611111111111
64.18916666666667
70.05722222222222
67.87555555555555
66.43472222222222
58.73972222222222
68.22916666666667
71.18305555555555
66.70361111111112
68.16361111111111
77.09916666666666
78.38111111111111
64.66944444444445
61.11944444444445
59.72138888888889
63.38472222222222
66.96305555555556
62.52638888888889
66.12861111111111
71.86527777777778
65.53055555555555
68.42833333333333
65.80416666666666
63.27472222222222
63.17444444444445
64.97833333333334
64.95166666666667
63.37833333333333
73.87555555555555
60.727777777777774
59.87638888888889
58.100833333333334
59.695
65.99555555555555
64.2088888888889
65.57972222222222
64.93694444444445
58.509166666666665
63.38388888888889
