461343
300812
342325
322113
352698
303983
328357
404295
465072
312862
459279
284475
384025
294533
324090
346277
317229
304384
325457
323475
464287
317819
410454
317518
349431
345807
330508
323706
321120
298945
300314
313255
318539
282072
320977
330781
302177
315207
378869
326213
327935
310880
353016
289054
315961
376928
326154
296740
392520
355010
283971
266768
352680
309807
359183
324237
332995
298458
291365
318148
315139
291985
307219
292600
282832
306160
293015
306999
333682
287759
346924
328963
311666
295558
314789
260924
311735
288091
305195
283693
324367
302825
294478
303465
290766
281674
310371
312959
290359
287585
300951
296833
289524
313854
303328
329545
276069
302537
335713
273777
277654
298484
295015
271105
298200
316531
308923
281617
256813
346993
288438
299122
272747
284602
322362
302820
354002
302094
264511
287240
313081
300867
268826
265340
268406
281223
282397
314557
314205
264314
340472
305138
254026
279638
271391
285676
275479
266441
286608
274593
277955
297897
283710
290148
280173
253678
284793
307678
263861
285589
261963
275285
247790
275096
304128
280406
255080
274431
290163
297512
329976
274984
239456
237513
257391
254903
265370
256192
251572
247920
265043
276504
294486
278134
255158
285752
265289
261216
277080
259439
263818
276975
240614
248585
255243
281414
250184
249034
277283
210534
239111
224653
262917
235157
286708
251718
265034
263060
254383
257248
252591
267653
254887
239224
266196
265438
244182
279914
270727
264589
245887
243210
259254
271616
250501
257133
233499
254601
215882
230959
251467
256386
236435
237762
245725
245427
265888
249740
245937
254186
230535
255473
240916
242529
244212
243637
231281
234275
246655
232667
238767
247702
250967
246231
230828
233567
251695
224961
227569
228438
233704
244783
217540
244625
227889
243303
228905
235802
211638
246911
260024
228118
231081
252206
244352
239165
211463
245625
256259
240133
245389
277557
282172
232810
220030
214997
228185
241067
225095
238063
258715
235910
246342
236895
227789
227428
233922
233826
228162
265952
218620
215555
209163
214902
237584
231152
236087
233773
210633
228182
