-256916.0
-158519.0
-183881.0
-169160.0
-192186.0
-144424.0
-167372.0
-230342.0
-264647.0
-153834.0
-260336.0
-128272.0
-202622.0
-134713.0
-162038.0
-186954.0
-170640.0
-145670.0
-191108.0
-167873.0
-244316.0
-161513.0
-208981.0
-165862.0
-163422.0
-170736.0
-169560.0
-175463.0
-166302.0
-134821.0
-145673.0
-169555.0
-171808.0
-143606.0
-161852.0
-168634.0
-155321.0
-163977.0
-190168.0
-139869.0
-174868.0
-147695.0
-191189.0
-129220.0
-162978.0
-189080.0
-153020.0
-151569.0
-208875.0
-173556.0
-153602.0
-126588.0
-175984.0
-139610.0
-167066.0
-172151.0
-157988.0
-143547.0
-140227.0
-155169.0
-158646.0
-136127.0
-147275.0
-138443.0
-145602.0
-137247.0
-152830.0
-144242.0
-150748.0
-139084.0
-161689.0
-140791.0
-133001.0
-139492.0
-137427.0
-110467.0
-150285.0
-134492.0
-139371.0
-139506.0
-146665.0
-149658.0
-129736.0
-133722.0
-134085.0
-119215.0
-142926.0
-141774.0
-120547.0
-125878.0
-141311.0
-131331.0
-138967.0
-136314.0
-152978.0
-154432.0
-115084.0
-138924.0
-158009.0
-113296.0
-116930.0
-129798.0
-148368.0
-108034.0
-127851.0
-143697.0
-134550.0
-116521.0
-112940.0
-150290.0
-133499.0
-140136.0
-118464.0
-126823.0
-145480.0
-134513.0
-174022.0
-122676.0
-113045.0
-118741.0
-145916.0
-149396.0
-110463.0
-116971.0
-109003.0
-130101.0
-122312.0
-139534.0
-135673.0
-114706.0
-146512.0
-123105.0
-100503.0
-125746.0
-117213.0
-124168.0
-116275.0
-103017.0
-123978.0
-138478.0
-115947.0
-127277.0
-142162.0
-122719.0
-124852.0
-96374.0
-114648.0
-138771.0
-120575.0
-129806.0
-100197.0
-115140.0
-104564.0
-106866.0
-137306.0
-122778.0
-99661.0
-118213.0
-130635.0
-128185.0
-142819.0
-120670.0
-84817.0
-89534.0
-116026.0
-101096.0
-113431.0
-108315.0
-110349.0
-93903.0
-115337.0
-114076.0
-125485.0
-123162.0
-105438.0
-118115.0
-109473.0
-109024.0
-114829.0
-105795.0
-102304.0
-107963.0
-90373.0
-92508.0
-101875.0
-111159.0
-99099.0
-91541.0
-123162.0
-82139.0
-99008.0
-102973.0
-108483.0
-96444.0
-116482.0
-94573.0
-111523.0
-109299.0
-99045.0
-110134.0
-102454.0
-114405.0
-100777.0
-101407.0
-104265.0
-104074.0
-98466.0
-121876.0
-110527.0
-102002.0
-88582.0
-101419.0
-95325.0
-107705.0
-106676.0
-106632.0
-86831.0
-103703.0
-76678.0
-86837.0
-99155.0
-113221.0
-81455.0
-89582.0
-106683.0
-92891.0
-103989.0
-96453.0
-104728.0
-102760.0
-89717.0
-97822.0
-83544.0
-91895.0
-87529.0
-87001.0
-80869.0
-91155.0
-93426.0
-88652.0
-87439.0
-95024.0
-97971.0
-109575.0
-90360.0
-84041.0
-91302.0
-81720.0
-83186.0
-86814.0
-83933.0
-94291.0
-79521.0
-86157.0
-88951.0
-94048.0
-82046.0
-88159.0
-79056.0
-93258.0
-104504.0
-82148.0
-79636.0
-97936.0
-91844.0
-87044.0
-71131.0
-91036.0
-99184.0
-92384.0
-94301.0
-105916.0
-118660.0
-90169.0
-80081.0
-83474.0
-90830.0
-87599.0
-85229.0
-95282.0
-100879.0
-86185.0
-93361.0
-85639.0
-88878.0
-85877.0
-86221.0
-84782.0
-92745.0
-96373.0
-82064.0
-84224.0
-80863.0
-87873.0
-87533.0
-83200.0
-92055.0
-80205.0
-73119.0
-86728.0
