-18368.0
-22020.0
-24256.0
-76825.0
-38021.0
-35999.0
-22001.0
-19090.0
-34954.0
-26019.0
-13780.0
-15370.0
-19850.0
-25073.0
-18597.0
-18751.0
-26250.0
-30714.0
-24331.0
-13829.0
-15863.0
-11959.0
-36124.0
-14923.0
-14181.0
-23314.0
-15522.0
-12094.0
-10354.0
-13538.0
-14325.0
-11400.0
-12020.0
-16243.0
-12330.0
-33915.0
-9935.0
-8074.0
-11906.0
-21441.0
-8941.0
-8664.0
-9480.0
-9018.0
-9779.0
-11012.0
-9074.0
-8667.0
-10481.0
-8094.0
-7785.0
-8114.0
-8724.0
-10160.0
-11261.0
-9401.0
-12382.0
-9461.0
-9205.0
-7948.0
-10597.0
-7897.0
-8832.0
-7409.0
-7710.0
-7406.0
-7653.0
-8524.0
-7522.0
-7341.0
-6817.0
-7387.0
-8254.0
-8156.0
-8135.0
-6070.0
-6277.0
-8337.0
-6839.0
-6475.0
-6753.0
-5556.0
-5066.0
-7481.0
-5384.0
-6818.0
-6926.0
-5390.0
-6131.0
-5363.0
-6127.0
-4865.0
-5774.0
-6879.0
-5235.0
-6151.0
-5158.0
-4874.0
-11174.0
-5324.0
