34913
39740
53276
125405
75155
74636
48728
41737
70812
49200
28114
36694
39582
54211
40851
39382
64451
71069
52381
27488
31745
24744
84100
31048
26166
51386
33330
27139
23770
25865
29988
29211
23582
35167
25311
89367
26224
19065
22838
57154
17380
18994
22048
18854
25461
21120
20212
20623
22834
18481
17264
16546
20742
24673
24829
22960
38813
22094
20765
18621
29419
18250
22882
16423
19138
16722
19663
18432
15990
18656
14790
17577
19175
18680
18584
14573
16054
18949
15716
18238
19328
16000
12861
15946
14226
21192
22787
13661
14866
14120
15672
12907
14741
19950
13819
15714
13845
13412
37599
13777
