6.46537037037037
7.359259259259259
9.865925925925925
23.223148148148148
13.917592592592593
13.82148148148148
9.023703703703704
7.729074074074074
13.113333333333333
9.11111111111111
5.206296296296296
6.795185185185185
7.33
10.039074074074074
7.565
7.292962962962963
11.93537037037037
13.160925925925927
9.700185185185186
5.09037037037037
5.878703703703704
4.582222222222223
15.574074074074074
5.74962962962963
4.845555555555555
9.515925925925925
6.1722222222222225
5.025740740740741
4.401851851851852
4.7898148148148145
5.553333333333334
5.4094444444444445
4.367037037037037
6.512407407407407
4.687222222222222
16.549444444444443
4.856296296296296
3.5305555555555554
4.229259259259259
10.584074074074074
3.2185185185185183
3.5174074074074073
4.082962962962963
3.4914814814814816
4.715
3.911111111111111
3.742962962962963
3.819074074074074
4.228518518518518
3.4224074074074076
3.197037037037037
3.064074074074074
3.841111111111111
4.5690740740740745
4.597962962962963
4.2518518518518515
7.187592592592592
4.091481481481481
3.8453703703703703
3.4483333333333333
5.447962962962963
3.3796296296296298
4.2374074074074075
3.0412962962962964
3.544074074074074
3.0966666666666667
3.6412962962962965
3.4133333333333336
2.9611111111111112
3.454814814814815
2.738888888888889
3.255
3.550925925925926
3.4592592592592593
3.4414814814814814
2.698703703703704
2.972962962962963
3.509074074074074
2.9103703703703703
3.377407407407407
3.5792592592592594
2.962962962962963
2.381666666666667
2.952962962962963
2.6344444444444446
3.9244444444444446
4.219814814814815
2.5298148148148147
2.752962962962963
2.6148148148148147
2.902222222222222
2.390185185185185
2.729814814814815
3.6944444444444446
2.5590740740740743
2.91
2.563888888888889
2.4837037037037035
6.962777777777778
2.551296296296296
