0.0
0.0
0.0
0.0
0.0
0.0
0.0
0.0
0.0
0.0
0.0
0.0
0.0
0.0
0.0
0.0
0.0
0.0
0.0
0.0
0.0
0.0
0.0
0.0
0.0
0.0
0.0
0.0
0.0
0.0
0.0
0.0
0.0
0.0
0.0
0.0
0.0
0.0
0.0
0.0
0.0
0.0
0.0
0.0
0.0
0.0
0.0
0.0
0.0
0.0
0.0
0.0
0.0
0.0
0.0
0.0
0.0
0.0
0.0
0.0
0.0
0.0
0.0
0.0
0.0
0.0
0.0
0.0
0.0
0.0
0.0
0.0
0.0
0.0
0.0
0.0
0.0
0.0
0.0
0.0
0.0
0.0
0.5
1.0
1.5
2.0
2.5
2.0
2.3333333333333335
2.0
2.25
2.5
2.75
3.0
3.25
3.75
4.25
4.75
5.25
5.75
6.25
6.75
7.25
7.75
8.5
9.25
10.25
11.25
12.25
13.25
14.25
15.25
16.25
17.25
18.25
19.25
20.25
21.25
22.25
18.6
18.6
0.0
0.0
0.0
0.0
0.0
0.0
0.0
0.0
0.0
0.0
0.0
0.0
0.0
0.0
0.0
0.0
0.0
0.0
0.5
1.0
1.5
1.3333333333333333
1.6666666666666667
2.0
1.75
1.6
1.8
2.0
2.75
3.0
3.25
3.5
3.75
4.0
4.25
6.0
6.333333333333333
6.666666666666667
7.0
7.333333333333333
8.0
8.666666666666666
9.666666666666666
10.666666666666666
11.666666666666666
12.666666666666666
13.666666666666666
14.666666666666666
15.666666666666666
12.5
13.25
14.0
14.75
15.5
16.25
17.0
17.75
18.5
19.25
20.0
20.75
21.5
29.666666666666668
30.666666666666668
23.75
19.6
20.2
17.333333333333332
13.375
13.75
14.125
14.5
14.875
15.25
15.625
16.0
16.375
16.75
17.125
17.5
20.428571428571427
18.375
16.77777777777778
22.142857142857142
22.714285714285715
23.428571428571427
24.142857142857142
24.857142857142858
25.571428571428573
26.285714285714285
27.0
21.555555555555557
22.11111111111111
22.666666666666668
20.8
22.11111111111111
22.555555555555557
23.0
21.1
24.0
24.555555555555557
22.6
23.1
23.6
24.1
27.333333333333332
27.88888888888889
28.444444444444443
29.11111111111111
33.5
34.25
35.0
35.75
36.5
37.375
38.25
34.77777777777778
35.666666666666664
36.55555555555556
37.44444444444444
38.333333333333336
39.22222222222222
32.81818181818182
33.54545454545455
34.27272727272727
35.0
32.75
33.416666666666664
34.083333333333336
32.07692307692308
32.69230769230769
33.30769230769231
36.75
37.416666666666664
38.083333333333336
42.27272727272727
43.0
43.72727272727273
44.45454545454545
45.0
36.111111111111114
41.125
41.5
41.875
29.875
30.375
27.444444444444443
19.0
19.5
16.0
15.11111111111111
15.555555555555555
13.11111111111111
13.555555555555555
14.0
14.444444444444445
13.4
15.333333333333334
14.2
14.6
15.0
15.4
15.8
18.11111111111111
18.77777777777778
19.444444444444443
22.625
23.375
21.444444444444443
19.9
20.5
21.1
21.7
20.363636363636363
21.0
21.636363636363637
22.272727272727273
22.90909090909091
23.545454545454547
24.181818181818183
24.818181818181817
23.333333333333332
22.076923076923077
22.615384615384617
23.23076923076923
23.846153846153847
26.5
25.076923076923077
25.76923076923077
24.571428571428573
25.285714285714285
26.0
24.933333333333334
25.6
26.266666666666666
26.933333333333334
27.666666666666668
25.058823529411764
25.764705882352942
26.470588235294116
27.176470588235293
24.94736842105263
25.63157894736842
26.31578947368421
28.5
29.22222222222222
29.944444444444443
30.72222222222222
31.5
32.27777777777778
33.05555555555556
33.833333333333336
34.611111111111114
37.470588235294116
40.4375
26.0
26.416666666666668
29.363636363636363
27.416666666666668
27.444444444444443
25.3
21.583333333333332
23.3
19.916666666666668
20.416666666666668
20.916666666666668
21.416666666666668
21.916666666666668
22.416666666666668
22.916666666666668
23.416666666666668
22.076923076923077
20.928571428571427
20.0
20.466666666666665
19.75
19.11764705882353
19.647058823529413
20.294117647058822
20.941176470588236
21.58823529411765
22.235294117647058
22.88235294117647
21.05263157894737
21.63157894736842
22.210526315789473
20.714285714285715
22.4
24.263157894736842
23.8
24.55
25.3
24.80952380952381
24.363636363636363
25.045454545454547
25.727272727272727
25.304347826086957
26.0
27.90909090909091
28.636363636363637
28.08695652173913
30.09090909090909
30.818181818181817
31.636363636363637
31.043478260869566
33.27272727272727
32.608695652173914
34.90909090909091
35.72727272727273
36.54545454545455
39.142857142857146
40.0
34.32
35.04
35.76
36.52
37.28
38.08
38.88
38.15384615384615
40.48
38.22222222222222
39.0
38.357142857142854
39.142857142857146
38.55172413793103
39.3448275862069
41.57142857142857
42.392857142857146
43.214285714285715
42.51724137931034
43.3448275862069
42.733333333333334
43.56666666666667
44.43333333333333
45.3
41.96969696969697
44.09375
44.90625
43.05882352941177
41.416666666666664
41.027027027027025
41.78378378378378
41.421052631578945
42.1578947368421
42.89473684210526
42.53846153846154
43.30769230769231
44.1025641025641
44.8974358974359
40.8421052631579
41.60526315789474
40.25
40.95
38.73684210526316
38.41025641025641
38.075
37.78048780487805
37.025
37.675
38.23684210526316
38.89473684210526
39.55263157894737
36.225
36.8
35.475
36.075
35.92307692307692
35.625
35.425
35.146341463414636
36.743589743589745
36.45
37.333333333333336
37.075
37.1
36.853658536585364
37.048780487804876
37.73170731707317
39.025
37.88095238095238
39.24390243902439
40.02439024390244
41.75
43.30769230769231
44.1025641025641
44.92307692307692
45.743589743589745
46.56410256410256
47.38461538461539
45.853658536585364
44.48837209302326
44.25
45.02272727272727
45.79545454545455
42.70454545454545
43.47727272727273
44.22727272727273
44.95454545454545
42.906976744186046
43.627906976744185
43.31818181818182
43.022222222222226
41.31818181818182
41.022222222222226
41.644444444444446
40.47727272727273
41.15909090909091
41.84090909090909
41.577777777777776
43.13636363636363
42.77777777777778
39.78260869565217
39.51063829787234
40.04255319148936
39.708333333333336
40.0625
40.5625
40.204081632653065
40.673469387755105
41.04081632653061
41.51020408163265
42.854166666666664
40.916666666666664
39.76
37.96
37.666666666666664
38.15686274509804
37.20754716981132
37.0
37.51851851851852
38.01851851851852
37.836363636363636
37.074074074074076
36.89090909090909
36.7962962962963
35.77358490566038
36.264150943396224
36.092592592592595
36.629629629629626
36.527272727272724
37.471698113207545
36.035714285714285
35.39655172413793
35.53448275862069
36.1551724137931
35.56666666666667
36.2
37.08474576271186
37.71186440677966
38.30508474576271
38.35
39.71186440677966
40.440677966101696
41.186440677966104
41.25
42.03333333333333
42.85
43.71666666666667
43.868852459016395
44.016129032258064
44.17460317460318
45.01587301587302
45.1875
46.046875
46.9375
47.78125
47.21212121212121
48.07575757575758
48.16417910447761
42.935483870967744
43.61290322580645
44.193548387096776
44.74193548387097
42.0
41.8421052631579
41.689655172413794
41.0377358490566
40.867924528301884
43.16326530612245
42.244897959183675
41.31372549019608
42.04081632653061
42.83673469387755
44.270833333333336
45.083333333333336
44.97959183673469
43.15384615384615
43.92307692307692
43.84905660377358
44.62264150943396
45.41509433962264
46.24528301886792
47.075471698113205
48.82692307692308
49.67307692307692
50.51923076923077
51.38461538461539
51.264150943396224
51.148148148148145
52.9811320754717
53.84905660377358
54.716981132075475
54.55555555555556
55.425925925925924
57.37735849056604
58.283018867924525
59.20754716981132
60.132075471698116
59.925925925925924
61.9811320754717
60.63636363636363
59.3859649122807
59.224137931034484
61.14035087719298
59.91525423728814
60.779661016949156
60.61666666666667
61.483333333333334
62.35
63.21666666666667
62.016129032258064
62.854838709677416
63.70967741935484
63.53968253968254
64.39682539682539
66.30645161290323
66.12698412698413
65.953125
67.88888888888889
68.77777777777777
67.55384615384615
68.46153846153847
67.29850746268657
68.17910447761194
69.05970149253731
71.0
71.9090909090909
72.81818181818181
73.72727272727273
74.63636363636364
75.56060606060606
75.34328358208955
76.25373134328358
76.04411764705883
76.95588235294117
77.86764705882354
79.95522388059702
82.10606060606061
79.44927536231884
80.3623188405797
79.0
78.79166666666667
78.58904109589041
77.34666666666666
77.1842105263158
78.03947368421052
78.89473684210526
79.75
78.56410256410257
79.43589743589743
80.3076923076923
80.15189873417721
79.0246913580247
77.01190476190476
76.2439024390244
75.20238095238095
75.97619047619048
76.75
75.3012048192771
76.12048192771084
76.92771084337349
74.97590361445783
74.02352941176471
74.85882352941177
75.76190476190476
76.61904761904762
77.42857142857143
78.29761904761905
78.4578313253012
79.18072289156626
80.03614457831326
80.87951807228916
78.88372093023256
80.63529411764706
79.62068965517241
80.45977011494253
80.65116279069767
79.625
79.52808988764045
80.97727272727273
80.03333333333333
80.1685393258427
80.13333333333334
80.08791208791209
79.17204301075269
80.84782608695652
80.78494623655914
80.7127659574468
82.13978494623656
82.9247311827957
83.17391304347827
83.06451612903226
83.83870967741936
82.57894736842105
82.44791666666667
83.11458333333333
83.84375
84.57291666666667
84.43298969072166
83.74736842105263
84.46315789473684
84.3125
83.28571428571429
82.18556701030928
82.90721649484536
82.78571428571429
80.90816326530613
79.98
80.66
80.54455445544555
80.49
79.6078431372549
80.34313725490196
80.2621359223301
79.28155339805825
79.97087378640776
80.67961165048544
81.3495145631068
80.41176470588235
81.13725490196079
81.09708737864078
81.03846153846153
80.32692307692308
80.52427184466019
80.5673076923077
79.8252427184466
79.36893203883496
79.77450980392157
79.78
80.63
80.67326732673267
79.90291262135922
80.71844660194175
79.85436893203884
77.47115384615384
78.26923076923077
76.66346153846153
77.46153846153847
78.25
79.05882352941177
79.8529411764706
79.87378640776699
79.90384615384616
79.91346153846153
80.73076923076923
81.5576923076923
82.99029126213593
83.86407766990291
84.7378640776699
85.62135922330097
87.33333333333333
88.23529411764706
88.28155339805825
89.19417475728156
88.39047619047619
88.4622641509434
88.53271028037383
89.44859813084112
90.35514018691589
90.43518518518519
89.67272727272727
90.56363636363636
89.80357142857143
89.89380530973452
89.98245614035088
89.3103448275862
89.43589743589743
90.33333333333333
90.44915254237289
89.825
90.71666666666667
90.85950413223141
91.74380165289256
92.59504132231405
92.75652173913043
92.70689655172414
93.40517241379311
93.23931623931624
94.1891891891892
94.8108108108108
94.54464285714286
96.58878504672897
95.63888888888889
97.93333333333334
99.3495145631068
99.77669902912622
103.13131313131314
105.34020618556701
107.77894736842106
109.07446808510639
108.69473684210526
113.65934065934066
114.45054945054945
117.8314606741573
118.68539325842697
119.56179775280899
121.79545454545455
121.29213483146067
122.1685393258427
121.68888888888888
119.92391304347827
118.2127659574468
119.04255319148936
119.90425531914893
122.06451612903226
122.91397849462365
123.75268817204301
124.6236559139785
124.17021276595744
125.05319148936171
125.94680851063829
122.91752577319588
122.53061224489795
124.65979381443299
125.55670103092784
125.16326530612245
123.54
124.43
124.07920792079207
126.21
127.1
127.99
128.85
129.71
131.8989898989899
132.75757575757575
132.29
134.4747474747475
135.31313131313132
137.5204081632653
136.94949494949495
139.14285714285714
139.9387755102041
140.74489795918367
143.03092783505156
143.8762886597938
143.23469387755102
144.07142857142858
142.04
144.35353535353536
143.79
143.23762376237624
144.0990099009901
144.97029702970298
141.625
142.45192307692307
141.93333333333334
142.7904761904762
142.29245283018867
143.1509433962264
144.00943396226415
144.8679245283019
147.1238095238095
146.58490566037736
147.45283018867926
149.73333333333332
150.61904761904762
151.5047619047619
153.875
156.29126213592232
157.19417475728156
159.6764705882353
160.6078431372549
161.5392156862745
162.49019607843138
160.29807692307693
161.23076923076923
162.17307692307693
163.03883495145632
165.63366336633663
164.9313725490196
162.64423076923077
163.52884615384616
162.80769230769232
162.14285714285714
161.4811320754717
160.94285714285715
161.8095238095238
162.67619047619047
163.54285714285714
164.45192307692307
165.31730769230768
164.84466019417476
164.15384615384616
165.04807692307693
165.92307692307693
165.1904761904762
164.56190476190477
167.0
166.23076923076923
167.10576923076923
169.58252427184465
170.41747572815535
169.60576923076923
169.43269230769232
168.6
168.44761904761904
166.0841121495327
167.66037735849056
166.92523364485982
164.6697247706422
165.99074074074073
166.85185185185185
163.19819819819818
164.018018018018
163.39285714285714
159.94782608695652
156.63793103448276
157.47413793103448
157.02608695652174
156.56896551724137
154.8793103448276
154.46153846153845
153.98305084745763
151.14285714285714
151.98319327731093
152.8403361344538
152.425
150.91666666666666
150.50413223140495
151.3388429752066
150.86065573770492
150.8181818181818
150.31967213114754
151.12295081967213
149.49193548387098
148.0483870967742
148.83870967741936
149.66129032258064
149.4308943089431
150.1788617886179
150.95934959349594
151.7560975609756
150.5040650406504
151.260162601626
149.6
148.35714285714286
146.84126984126985
148.776
148.34920634920636
149.12698412698413
149.31451612903226
150.1451612903226
149.91056910569105
150.739837398374
150.33870967741936
151.15322580645162
149.78225806451613
150.57258064516128
151.38709677419354
151.032
151.88
153.95967741935485
154.03252032520325
156.2396694214876
154.47967479674796
155.28455284552845
151.17322834645668
152.32539682539684
153.14285714285714
153.96825396825398
155.504
157.5
157.032
157.8
158.568
158.58064516129033
159.3709677419355
157.64285714285714
158.4126984126984
156.7109375
157.5
157.09302325581396
159.1484375
158.74418604651163
160.796875
162.81102362204723
162.3203125
163.1171875
163.921875
163.46511627906978
165.5703125
165.10852713178295
163.44274809160305
163.06060606060606
160.81203007518798
161.69924812030075
162.57894736842104
162.52631578947367
166.390625
167.171875
167.9296875
168.6640625
173.08943089430895
173.739837398374
172.99193548387098
176.49586776859505
179.3361344537815
177.05785123966942
183.91379310344828
184.60344827586206
191.55357142857142
193.84684684684686
196.28181818181818
204.33018867924528
203.21495327102804
211.90291262135923
208.67619047619047
211.5
208.32075471698113
209.12264150943398
211.94285714285715
210.79245283018867
209.6355140186916
210.44859813084113
211.28971962616822
212.15887850467288
209.12844036697248
210.0091743119266
208.98181818181817
211.80733944954127
214.7037037037037
215.64814814814815
216.5648148148148
217.5
216.43119266055047
217.3577981651376
218.29357798165137
219.21100917431193
220.13761467889907
221.08256880733944
220.01818181818183
220.96363636363637
217.92857142857142
218.82142857142858
219.72321428571428
220.59821428571428
217.58771929824562
218.46491228070175
219.359649122807
220.24561403508773
219.2086956521739
220.09565217391304
217.2051282051282
216.1949152542373
213.40833333333333
214.24166666666667
213.30578512396696
214.1487603305785
214.9917355371901
214.0655737704918
220.31932773109244
221.18487394957984
223.9322033898305
224.8050847457627
225.67796610169492
226.57627118644066
225.57983193277312
228.40677966101694
229.33050847457628
234.2155172413793
235.14655172413794
238.12173913043478
237.0
235.9145299145299
236.86324786324786
237.82051282051282
236.75423728813558
235.7058823529412
236.64705882352942
237.58823529411765
240.53389830508473
239.42016806722688
240.3109243697479
239.19166666666666
238.0909090909091
238.97520661157026
237.89344262295083
238.78688524590163
239.68032786885246
240.5655737704918
241.47540983606558
242.4016393442623
243.31147540983608
243.375
240.2622950819672
239.17073170731706
240.04065040650406
236.9262295081967
237.81967213114754
238.71311475409837
239.62295081967213
240.91735537190084
239.8360655737705
240.70491803278688
241.5655737704918
240.54545454545453
243.375
242.61666666666667
243.46666666666667
242.29752066115702
243.175
245.98305084745763
246.88135593220338
245.52542372881356
246.42372881355934
247.3050847457627
246.10084033613447
246.94117647058823
247.78991596638656
249.94017094017093
250.77777777777777
247.16101694915255
243.85
245.2436974789916
246.0677966101695
242.775
241.5785123966942
242.71666666666667
241.50833333333333
242.48739495798318
241.29166666666666
238.125
235.04918032786884
232.54471544715446
233.35772357723576
232.29032258064515
229.4126984126984
230.16666666666666
222.5234375
223.2734375
220.57692307692307
221.30769230769232
218.76153846153846
219.48461538461538
218.53435114503816
217.85384615384615
218.63846153846154
217.75572519083968
217.2153846153846
213.25581395348837
214.08527131782947
214.89922480620154
213.8828125
214.6953125
215.4921875
212.515625
213.3046875
214.0703125
211.55384615384617
209.23846153846154
211.62790697674419
210.7923076923077
210.2248062015504
211.04651162790697
203.96268656716418
203.1925925925926
200.96296296296296
201.6962962962963
202.45185185185184
203.23703703703703
202.67164179104478
205.00751879699249
205.81203007518798
203.32575757575756
204.12121212121212
203.49618320610688
204.29770992366412
203.52272727272728
206.16923076923078
208.48062015503876
209.32558139534885
210.15503875968992
212.1015625
214.61417322834646
215.4724409448819
217.5793650793651
218.43650793650792
219.27777777777777
223.31451612903226
224.0241935483871
224.8951612903226
225.7741935483871
226.66935483870967
227.58870967741936
230.29268292682926
231.2357723577236
230.2983870967742
231.16129032258064
230.224
231.136
230.20634920634922
231.0873015873016
230.16535433070865
231.07874015748033
232.0
232.92125984251967
232.0
231.10077519379846
231.97674418604652
232.8139534883721
231.86923076923077
232.72307692307692
230.0151515151515
236.76190476190476
235.63779527559055
234.5
233.35658914728683
241.95934959349594
239.80645161290323
240.46774193548387
245.68595041322314
248.73949579831933
249.39495798319328
254.57758620689654
257.4695652173913
257.5217391304348
261.83185840707966
262.0619469026549
269.54545454545456
263.14159292035396
270.8454545454546
271.6636363636364
280.1588785046729
281.0373831775701
281.93457943925233
277.61467889908255
278.44954128440367
279.3211009174312
277.6454545454545
281.0275229357798
279.3363636363636
277.6666666666667
281.06363636363636
279.3693693693694
275.2300884955752
271.2782608695652
274.50877192982455
272.95652173913044
271.4310344827586
269.9230769230769
270.7692307692308
273.9396551724138
274.7586206896552
275.5689655172414
269.47058823529414
268.0833333333333
268.9583333333333
269.84166666666664
273.02521008403363
273.9159663865546
270.24793388429754
273.3666666666667
271.97520661157023
275.125
276.03333333333336
276.94166666666666
280.1848739495798
281.0840336134454
289.26724137931035
290.19827586206895
291.0948275862069
289.5042735042735
290.4188034188034
288.864406779661
292.2649572649573
293.1965811965812
296.66379310344826
297.6034482758621
298.55172413793105
299.5
300.41379310344826
298.7350427350427
299.64102564102564
300.5726495726496
301.4957264957265
302.4273504273504
303.35897435897436
304.2991452991453
305.2307692307692
303.54237288135596
307.05128205128204
305.3728813559322
306.3220338983051
302.15833333333336
300.59504132231405
296.6016260162602
297.4959349593496
298.3983739837398
299.260162601626
300.1219512195122
300.9918699186992
304.3606557377049
305.2704918032787
308.7107438016529
309.6363636363636
310.55371900826447
308.9016393442623
307.2439024390244
304.9917355371901
305.8181818181818
304.1393442622951
302.5121951219512
297.8032786885246
293.8467741935484
289.9920634920635
285.77777777777777
282.1015625
278.5615384615385
272.42424242424244
267.15555555555557
265.9779411764706
262.2335766423358
259.23741007194246
258.1714285714286
251.53521126760563
252.33802816901408
247.88275862068966
248.66206896551725
246.95138888888889
244.36301369863014
245.0344827586207
242.53061224489795
243.35374149659864
244.20408163265307
242.53061224489795
245.0068493150685
245.87671232876713
246.78082191780823
245.98639455782313
246.8013698630137
246.01360544217687
246.89795918367346
247.67123287671234
245.95205479452054
245.19727891156464
244.9794520547945
247.53103448275863
248.42068965517242
249.30344827586208
250.18620689655174
250.84027777777777
247.34722222222223
249.8951048951049
246.82517482517483
247.67132867132867
246.78472222222223
245.90344827586208
244.08333333333334
246.6153846153846
247.43356643356643
246.5625
245.3916083916084
246.25874125874125
247.13286713286712
244.0211267605634
243.1818181818182
244.05594405594405
244.8881118881119
244.6056338028169
243.76223776223776
244.62237762237763
244.3943661971831
245.24647887323943
242.2887323943662
238.10344827586206
236.33333333333334
235.32638888888889
236.20833333333334
235.88111888111888
235.13194444444446
234.39310344827587
235.28275862068966
236.1448275862069
233.22758620689655
234.1448275862069
231.06896551724137
228.81632653061226
228.13513513513513
227.48993288590603
226.26351351351352
227.1081081081081
227.95945945945945
228.83783783783784
229.21768707482994
230.0952380952381
229.38513513513513
228.66442953020135
230.7687074829932
228.49664429530202
226.27152317880794
228.4228187919463
229.23489932885906
228.52
229.4295302013423
230.26845637583892
231.10738255033556
233.69387755102042
232.94594594594594
235.97260273972603
236.84931506849315
237.7123287671233
237.6164383561644
238.486301369863
238.6986301369863
239.58904109589042
239.9041095890411
235.91946308724832
237.84459459459458
240.3265306122449
244.1103448275862
245.01379310344828
247.63888888888889
250.1888111888112
249.35416666666666
250.26388888888889
249.41379310344828
248.56849315068493
248.56849315068493
254.31205673758865
251.58041958041957
252.37062937062936
253.13286713286712
257.7913669064748
259.69565217391306
260.34057971014494
265.6268656716418
267.65413533834584
269.8181818181818
276.8359375
279.251968503937
287.2357723577236
289.7049180327869
294.44166666666666
302.0
305.1465517241379
316.3482142857143
314.05309734513276
326.1284403669725
323.9727272727273
330.787037037037
328.6330275229358
329.4954128440367
327.3636363636364
328.23636363636365
326.15315315315314
327.009009009009
330.8181818181818
331.6272727272727
332.41818181818184
330.1981981981982
334.0181818181818
331.8198198198198
335.6636363636364
336.5090909090909
340.44954128440367
341.2844036697248
342.0550458715596
342.8165137614679
343.60550458715596
344.42201834862385
345.2477064220183
352.57943925233644
353.4766355140187
354.4018691588785
355.31775700934577
352.93518518518516
357.1682242990654
358.0934579439252
362.39622641509436
359.9252336448598
360.8411214953271
358.4074074074074
355.9816513761468
356.8715596330275
354.5181818181818
355.41818181818184
353.1081081081081
350.8482142857143
345.55263157894734
343.38260869565215
344.2173913043478
339.1709401709402
337.14406779661016
332.35833333333335
333.2083333333333
334.075
332.1487603305785
332.9917355371901
333.87603305785126
329.3170731707317
327.53225806451616
328.41129032258067
329.2983870967742
327.576
328.488
329.408
327.7142857142857
328.6031746031746
329.4920634920635
330.3809523809524
331.27777777777777
334.84
335.776
336.712
334.96031746031747
333.2283464566929
334.13385826771656
337.6984126984127
335.93700787401576
336.8346456692913
335.1171875
333.4341085271318
336.9453125
336.25396825396825
334.51181102362204
332.8125
333.703125
330.15748031496065
328.453125
329.3515625
329.4173228346457
330.3307086614173
331.251968503937
331.2857142857143
332.24603174603175
330.5826771653543
328.0
328.9212598425197
327.25
328.125
328.18897637795277
329.12598425196853
329.22222222222223
330.1746031746032
328.5196850393701
324.3565891472868
325.27131782945736
325.8828125
326.7890625
327.6875
326.046875
324.4108527131783
322.8
316.390977443609
315.3308270676692
316.2105263157895
313.25373134328356
309.52941176470586
308.13868613138686
309.0
307.6304347826087
308.5144927536232
307.2463768115942
308.1231884057971
306.7769784172662
305.42857142857144
302.58992805755395
303.43884892086334
299.23741007194246
302.2391304347826
303.0652173913044
303.8985507246377
302.6569343065693
301.3333333333333
302.2028985507246
298.7608695652174
299.6376811594203
300.5217391304348
298.45255474452557
295.0
292.42753623188406
291.158273381295
291.9712230215827
292.7985611510791
293.62589928057554
290.1726618705036
288.7608695652174
289.6159420289855
290.44202898550725
286.8623188405797
287.731884057971
286.53237410071944
282.88321167883214
283.7664233576642
279.125
282.05185185185184
280.81617647058823
279.57664233576645
280.3868613138686
278.7720588235294
279.6397058823529
275.0148148148148
275.9037037037037
276.77037037037036
276.14925373134326
274.9555555555556
273.7647058823529
273.43703703703704
273.6641791044776
276.42857142857144
277.1578947368421
277.8872180451128
279.49242424242425
276.8646616541353
275.5149253731343
274.42537313432837
275.13432835820896
273.7851851851852
274.10526315789474
272.7761194029851
273.5149253731343
275.1127819548872
275.7518796992481
275.7593984962406
272.4
273.1259259259259
273.22222222222223
273.94074074074075
274.05925925925925
274.84444444444443
277.05223880597015
275.81481481481484
274.09558823529414
272.93430656934305
271.3550724637681
272.19565217391306
272.64233576642334
271.5289855072464
270.47482014388487
272.8985507246377
275.64233576642334
276.51824817518246
278.5514705882353
286.3206106870229
284.969696969697
285.7348484848485
284.2857142857143
292.7578125
291.2015503875969
289.68461538461537
299.392
297.35714285714283
300.48
314.3613445378151
312.53333333333336
320.9059829059829
324.0689655172414
327.53913043478263
340.18918918918916
341.02702702702703
344.9727272727273
352.212962962963
349.8440366972477
353.9259259259259
354.75925925925924
352.3302752293578
349.94545454545454
353.9724770642202
354.7889908256881
355.57798165137615
356.348623853211
357.1192660550459
354.6545454545454
352.2432432432432
349.88392857142856
350.6875
348.4159292035398
346.1842105263158
347.0
344.82608695652175
342.6896551724138
337.72033898305085
332.9166666666667
336.546218487395
331.8099173553719
332.6280991735537
333.4710743801653
337.09166666666664
337.975
336.0495867768595
336.93388429752065
340.64166666666665
341.5416666666667
345.3193277310924
346.20168067226894
344.1666666666667
350.85593220338984
354.7350427350427
355.62393162393164
359.5948275862069
363.62608695652176
364.53913043478263
362.3103448275862
366.38260869565215
370.5263157894737
371.43859649122805
372.35087719298247
373.2456140350877
370.89565217391305
371.81739130434784
372.75652173913045
373.704347826087
368.2564102564103
369.1965811965812
370.13675213675214
367.91525423728814
368.79661016949154
366.5798319327731
367.4621848739496
365.275
366.1666666666667
364.02479338842977
361.92622950819674
365.801652892562
369.7416666666667
367.57851239669424
371.55
366.3524590163934
370.26446280991735
365.1056910569106
363.0241935483871
366.8617886178862
367.7479674796748
368.650406504065
369.5528455284553
370.4634146341463
371.3821138211382
369.28225806451616
368.0
365.8861788617886
366.7642276422764
356.06299212598424
355.952
353.968253968254
354.8174603174603
349.531746031746
347.6456692913386
345.796875
346.496062992126
344.6640625
345.53125
339.3615384615385
340.2230769230769
337.4076923076923
335.69465648854964
332.89312977099235
331.22727272727275
332.0833333333333
332.95454545454544
334.59541984732823
335.46564885496184
337.1461538461538
335.4503816793893
336.3435114503817
337.2442748091603
331.90909090909093
332.7878787878788
328.7164179104478
330.30075187969925
331.187969924812
332.0676691729323
332.9398496240602
333.8045112781955
333.4621212121212
331.82706766917295
330.90225563909775
331.77443609022555
327.6962962962963
326.13235294117646
323.31617647058823
324.1764705882353
325.0514705882353
325.90441176470586
326.9776119402985
327.82835820895525
328.6641791044776
329.5
325.8880597014925
329.1503759398496
327.95454545454544
328.8030303030303
327.1353383458647
327.9624060150376
326.8484848484849
318.6515151515151
319.54545454545456
318.3538461538462
319.26153846153846
320.16923076923075
321.0769230769231
321.14728682170545
322.0387596899225
320.4230769230769
315.5419847328244
316.36641221374043
317.19083969465646
315.8
316.6384615384615
317.4846153846154
317.3255813953488
315.75384615384615
316.60769230769233
317.45384615384614
317.27906976744185
314.8759689922481
315.71317829457365
313.30232558139534
314.17054263565893
306.91603053435114
301.0923076923077
299.67175572519085
295.8320610687023
296.6793893129771
296.0763358778626
298.8076923076923
299.62307692307695
298.1526717557252
298.96946564885496
300.81538461538463
301.66923076923075
302.4846153846154
306.78125
305.1937984496124
306.0232558139535
305.9612403100775
306.8062015503876
307.4496124031008
305.9230769230769
304.42748091603056
305.2442748091603
301.45112781954884
304.56060606060606
304.17557251908397
305.00763358778624
303.530303030303
304.58015267175574
303.1212121212121
303.95454545454544
302.4887218045113
303.30075187969925
301.85820895522386
300.47407407407405
301.34814814814814
297.83941605839414
298.73722627737226
299.64233576642334
300.54744525547443
301.40875912408757
311.10687022900765
311.9618320610687
310.3863636363636
311.1439393939394
320.0472440944882
320.78740157480314
321.5196850393701
334.6776859504132
329.9430894308943
332.8606557377049
342.90677966101697
343.60169491525426
352.1304347826087
355.82456140350877
356.50877192982455
369.94545454545454
374.1926605504587
385.5566037735849
379.24074074074076
380.0462962962963
380.8703703703704
378.1834862385321
379.0
379.8165137614679
373.7837837837838
371.25
378.8181818181818
376.1981981981982
380.4
377.77477477477476
381.9909090909091
382.8090909090909
383.6545454545454
381.0450450450451
385.3636363636364
389.77064220183485
387.1090909090909
381.0625
381.95535714285717
382.80357142857144
387.1621621621622
391.6
392.53636363636366
389.92792792792795
390.86486486486484
395.3636363636364
396.2909090909091
397.2
394.5315315315315
395.45045045045043
399.9818181818182
397.31531531531533
394.69642857142856
395.625
393.04424778761063
393.9734513274336
388.03478260869565
388.9478260869565
393.29824561403507
390.81739130434784
388.38793103448273
389.33620689655174
386.94871794871796
387.8974358974359
388.85470085470087
386.4830508474576
387.39830508474574
388.3135593220339
385.9579831932773
386.88235294117646
387.8151260504202
392.04237288135596
392.9830508474576
387.35833333333335
388.28333333333336
389.2
390.10833333333335
391.025
395.2436974789916
396.1764705882353
397.12605042016804
398.07563025210084
399.02521008403363
399.97478991596637
391.0655737704918
388.8048780487805
386.56451612903226
390.609756097561
388.35483870967744
386.144
390.16129032258067
391.0725806451613
391.98387096774195
389.752
389.19354838709677
389.9756097560976
390.8536585365854
388.56451612903226
386.296
378.73809523809524
382.592
380.3888888888889
378.2283464566929
375.2204724409449
376.0787401574803
376.9448818897638
374.37007874015745
367.73228346456693
365.703125
363.71317829457365
360.49612403100775
361.3255813953488
362.15503875968994
362.375
360.4031007751938
360.6640625
355.95384615384614
356.8
351.13178294573646
349.3076923076923
350.18461538461537
351.0692307692308
351.2325581395349
352.1085271317829
352.968992248062
350.49612403100775
351.38759689922483
351.734375
341.95454545454544
341.59541984732823
342.48091603053433
343.3587786259542
342.48091603053433
340.7878787878788
341.70454545454544
337.5074626865672
338.410447761194
334.0751879699248
334.98496240601503
335.8721804511278
333.90076335877865
332.24242424242425
333.1212121212121
333.9848484848485
331.3587786259542
334.7769230769231
335.65384615384613
337.4108527131783
338.2480620155039
336.4769230769231
337.28682170542635
338.13953488372096
339.0
339.86046511627904
340.0703125
340.921875
341.7421875
342.5748031496063
343.40944881889766
344.2204724409449
342.34645669291336
343.18897637795277
341.3671875
342.21875
340.7165354330709
341.59842519685037
343.22222222222223
341.531746031746
342.44444444444446
343.36507936507934
345.176
346.91129032258067
345.016
345.904
333.1111111111111
333.9920634920635
332.392
333.264
334.152
332.3412698412698
336.56451612903226
337.3790322580645
338.1693548387097
338.93548387096774
341.6341463414634
342.4065040650407
343.1869918699187
346.43801652892563
347.24793388429754
348.06611570247935
351.56666666666666
349.43801652892563
353.33613445378154
354.1764705882353
355.8305084745763
356.6949152542373
357.56779661016947
359.35897435897436
360.2393162393162
359.008547008547
359.9059829059829
360.79487179487177
359.63793103448273
360.5344827586207
361.4396551724138
362.3534482758621
363.26724137931035
364.1896551724138
365.1034482758621
362.88034188034186
360.6949152542373
361.5762711864407
362.4406779661017
360.25210084033614
361.02521008403363
375.07964601769913
375.8407079646018
376.57522123893807
377.2566371681416
389.68518518518516
386.79816513761466
387.4954128440367
405.9805825242718
402.78846153846155
403.5192307692308
425.59183673469386
426.38775510204084
443.72340425531917
448.98924731182797
454.3804347826087
460.0989010989011
466.02222222222224
461.74725274725273
467.74444444444447
468.6222222222222
464.3296703296703
470.35555555555555
471.22222222222223
472.03333333333336
472.85555555555555
473.68888888888887
474.53333333333336
470.1758241758242
471.04395604395603
466.79347826086956
457.6914893617021
463.4193548387097
464.19354838709677
460.0
451.1354166666667
451.8645833333333
452.6354166666667
453.4166666666667
449.5360824742268
450.3298969072165
446.5408163265306
447.31632653061223
439.14
439.91
440.71
441.52
442.38
443.24
439.7227722772277
440.6237623762376
441.51485148514854
438.0686274509804
438.95098039215685
439.84313725490193
436.4466019417476
437.36893203883494
434.0673076923077
434.99038461538464
431.76190476190476
432.67619047619047
421.5462962962963
426.3644859813084
423.27777777777777
424.1388888888889
421.1192660550459
422.0183486238532
415.2972972972973
416.1981981981982
417.0990990990991
418.009009009009
418.9009009009009
419.7837837837838
413.21238938053096
414.07964601769913
411.32456140350877
408.6347826086957
409.53913043478263
406.9051724137931
407.8103448275862
408.7155172413793
402.6779661016949
400.1764705882353
394.4297520661157
395.297520661157
389.739837398374
390.609756097561
385.232
383.05555555555554
380.9212598425197
384.8492063492063
379.7265625
380.625
372.80916030534354
373.7175572519084
368.9924812030075
365.3533834586466
366.2631578947368
367.17293233082705
368.0601503759398
368.70454545454544
369.6136363636364
370.5378787878788
368.6691729323308
370.50757575757575
371.4318181818182
372.3636363636364
372.2977099236641
373.22137404580155
374.14503816793894
369.8076923076923
373.6356589147287
374.5968992248062
375.5503875968992
372.5503875968992
373.48062015503876
371.53076923076924
372.45384615384614
371.51937984496124
372.4651162790698
370.53076923076924
371.44615384615383
370.33846153846156
371.26153846153846
372.2076923076923
370.29007633587787
370.12307692307695
371.03076923076924
367.96923076923076
368.9
367.00763358778624
367.9236641221374
366.06060606060606
367.6641221374046
368.55725190839695
369.0
367.0763358778626
367.96946564885496
360.75384615384615
361.66923076923075
350.67692307692306
348.3076923076923
349.17692307692306
350.03846153846155
350.9
348.65625
349.515625
344.3720930232558
345.2015503875969
343.38461538461536
344.2076923076923
344.3984375
345.2265625
346.0546875
346.8984375
344.46875
345.3125
346.1171875
341.8503937007874
340.0234375
338.2480620155039
336.46153846153845
334.66153846153844
335.46153846153845
336.31538461538463
337.13178294573646
337.984496124031
338.86821705426354
339.74418604651163
340.6046511627907
342.28125
343.1640625
342.70866141732284
343.5590551181102
344.38582677165357
342.5078125
340.6171875
341.4609375
342.3046875
343.1875
344.0625
342.8046875
343.6796875
339.2230769230769
340.0615384615385
342.6744186046512
343.4496124031008
344.2325581395349
346.890625
347.7109375
348.5859375
354.3253968253968
355.23015873015873
359.3467741935484
357.384
358.28
359.168
360.016
358.0
358.87301587301585
359.76190476190476
360.62698412698415
361.4761904761905
362.3095238095238
363.14285714285717
363.9920634920635
364.8412698412698
365.7063492063492
366.55555555555554
367.3968253968254
368.26190476190476
369.1587301587302
370.03968253968253
370.93650793650795
371.8492063492063
372.72222222222223
387.25
388.025
385.56198347107437
386.3057851239669
400.2413793103448
401.0344827586207
398.36752136752136
414.61607142857144
418.72972972972974
423.03636363636366
434.4579439252336
439.24528301886795
444.0190476190476
444.9047619047619
445.76190476190476
446.62857142857143
447.48571428571427
452.65384615384613
453.53846153846155
458.80582524271847
464.2156862745098
465.0882352941176
465.96078431372547
471.48514851485146
472.3960396039604
473.2970297029703
474.2277227722772
475.1485148514852
476.0990099009901
477.009900990099
477.9504950495049
474.1666666666667
470.45631067961165
471.36893203883494
472.3009708737864
473.2330097087379
474.1650485436893
475.126213592233
471.4807692307692
472.38461538461536
468.76190476190476
469.6190476190476
466.04716981132077
466.9056603773585
467.7641509433962
473.0857142857143
473.95238095238096
474.84761904761905
475.752380952381
476.65714285714284
477.56190476190477
478.44761904761907
483.9423076923077
475.70754716981133
481.15238095238095
473.04672897196264
473.95327102803736
474.85046728971963
471.3333333333333
463.6454545454545
460.3243243243243
461.1981981981982
457.9732142857143
454.82300884955754
447.81739130434784
448.7217391304348
449.60869565217394
450.5130434782609
439.9491525423729
440.8474576271187
441.7542372881356
442.6525423728813
443.5593220338983
448.2649572649573
449.1880341880342
450.13675213675214
451.0683760683761
452.0
449.1101694915254
450.0508474576271
450.97457627118644
448.0924369747899
452.7881355932203
465.5130434782609
462.37931034482756
463.2758620689655
464.1896551724138
461.13675213675214
462.05982905982904
459.06779661016947
460.0
464.87179487179486
469.83620689655174
470.7931034482759
471.73275862068965
464.90434782608696
465.83478260869566
466.75652173913045
467.6521739130435
468.7105263157895
469.57894736842104
466.3565217391304
465.3157894736842
466.2105263157895
463.02608695652174
462.0263157894737
461.6814159292035
458.44736842105266
459.2719298245614
458.87610619469024
455.719298245614
456.6371681415929
457.53982300884957
458.42477876106193
459.30973451327435
460.20353982300884
461.1607142857143
457.9646017699115
454.7699115044248
455.646017699115
452.5175438596491
453.42105263157896
455.01769911504425
451.9298245614035
453.5221238938053
450.4035087719298
451.29824561403507
448.25217391304346
449.10434782608695
443.6608695652174
440.67241379310343
441.5
442.2931034482759
443.11206896551727
442.9130434782609
439.1061946902655
439.929203539823
436.87719298245617
433.8695652173913
430.9051724137931
431.2
431.96521739130435
428.9913793103448
429.7155172413793
424.23275862068965
425.01724137931035
414.53913043478263
411.7241379310345
408.96581196581195
409.7435897435897
410.4957264957265
411.1810344827586
408.44444444444446
409.2478632478632
410.04273504273505
406.6923076923077
407.4871794871795
411.76724137931035
412.5826086956522
409.8103448275862
407.0769230769231
407.1551724137931
404.44444444444446
400.9655172413793
401.7155172413793
399.05982905982904
399.8034188034188
397.20338983050846
394.39830508474574
392.5897435897436
393.4273504273504
394.2478632478632
395.0940170940171
396.37931034482756
393.85470085470087
394.71794871794873
395.6068376068376
392.78632478632477
393.6666666666667
394.55555555555554
399.504347826087
400.38260869565215
401.2173913043478
402.0695652173913
407.95575221238937
408.8141592920354
406.12280701754383
413.9017857142857
411.1061946902655
411.94690265486724
416.41964285714283
417.25
418.0982142857143
422.7477477477477
423.6306306306306
424.5045045045045
425.3693693693694
426.0272727272727
426.8545454545455
427.7
428.57272727272726
429.45454545454544
430.3727272727273
431.2909090909091
432.1909090909091
429.2072072072072
430.1171171171171
431.036036036036
431.9549549549549
428.94642857142856
429.82142857142856
430.6607142857143
431.50892857142856
424.8157894736842
425.62280701754383
436.3
433.1081081081081
433.8378378378378
434.5855855855856
453.1132075471698
457.6666666666667
453.8301886792453
467.24271844660194
472.2156862745098
473.05882352941177
482.85
483.72
484.58
490.37373737373736
491.24242424242425
497.1224489795918
498.0204081632653
504.07216494845363
504.9896907216495
505.9072164948454
506.83505154639175
513.0416666666666
513.9479166666666
509.5670103092784
510.49484536082474
511.44329896907215
512.3711340206186
508.03061224489795
508.90816326530614
509.7857142857143
505.4848484848485
506.35353535353534
507.2020202020202
508.06060606060606
508.90909090909093
509.7878787878788
510.6868686868687
511.57575757575756
507.33
508.2
509.08
515.1313131313132
516.040404040404
516.9494949494949
517.8282828282828
518.7070707070707
514.4
515.24
516.12
517.01
517.9
518.79
519.7
520.62
521.53
522.42
523.33
524.26
525.15
520.8514851485148
526.97
527.88
528.77
524.4059405940594
520.1176470588235
520.9509803921569
516.747572815534
522.6764705882352
518.4854368932039
519.3592233009708
510.35238095238094
506.42452830188677
502.57943925233644
503.4766355140187
490.6
482.69642857142856
479.3008849557522
475.9736842105263
468.6465517241379
457.70588235294116
462.45762711864404
455.6333333333333
452.74380165289256
446.2520325203252
443.51612903225805
437.36507936507934
438.24603174603175
435.68503937007875
436.56692913385825
440.92063492063494
441.8095238095238
442.7142857142857
443.63492063492066
448.12
449.048
447.9349593495935
448.8455284552846
449.7479674796748
437.7967479674797
438.8688524590164
439.78688524590166
438.44628099173553
439.53333333333336
440.475
441.425
442.52941176470586
443.47899159663865
444.43697478991595
445.3781512605042
446.54237288135596
447.45762711864404
448.364406779661
449.26271186440675
446.38655462184875
447.2542372881356
448.1779661016949
445.3220338983051
446.2457627118644
439.725
440.625
438.0504201680672
438.89915966386553
436.1333333333333
437.0
434.2583333333333
435.1666666666667
432.4793388429752
429.8429752066116
430.7685950413223
431.425
432.3333333333333
433.2416666666667
430.48333333333335
431.3833333333333
432.85714285714283
433.74789915966386
431.025
431.9166666666667
421.47899159663865
422.3529411764706
410.05982905982904
410.9230769230769
411.7521367521368
412.55555555555554
408.14529914529913
412.4741379310345
413.2758620689655
413.83478260869566
414.62608695652176
415.4347826086956
416.05263157894734
416.6106194690266
417.43362831858406
418.0
418.43243243243245
419.2432432432432
419.8818181818182
416.41284403669727
409.7027027027027
409.8165137614679
406.90909090909093
404.05405405405406
404.42727272727274
405.27272727272725
402.4684684684685
402.8090909090909
400.0
400.8288288288288
397.6216216216216
398.4144144144144
399.2162162162162
399.6363636363636
400.44545454545454
393.6666666666667
394.4864864864865
394.94545454545454
395.74545454545455
393.009009009009
393.2090909090909
387.00892857142856
390.54954954954957
387.9107142857143
387.5357142857143
384.9380530973451
388.5357142857143
385.94690265486724
386.8053097345133
384.2631578947368
381.75652173913045
382.60869565217394
383.46086956521737
384.3391304347826
385.2173913043478
386.1217391304348
387.02608695652174
387.90434782608696
388.0964912280702
385.5913043478261
383.12068965517244
383.9655172413793
384.80172413793105
385.63793103448273
386.48275862068965
387.3189655172414
391.5217391304348
388.9741379310345
389.7931034482759
390.61206896551727
391.4310344827586
392.25
393.1034482758621
390.61538461538464
388.135593220339
389.0
389.8474576271187
405.82142857142856
406.5982142857143
403.7699115044248
404.5486725663717
426.1214953271028
426.93457943925233
427.77570093457945
445.0485436893204
445.92233009708735
442.52884615384613
447.747572815534
453.0686274509804
454.0
454.95098039215685
455.9117647058824
456.84313725490193
457.77450980392155
458.6764705882353
455.1067961165049
451.58653846153845
452.4326923076923
453.2980769230769
454.16346153846155
459.4466019417476
460.3398058252427
461.22330097087377
457.6826923076923
458.5769230769231
455.12380952380954
456.04761904761904
452.64150943396226
453.50943396226415
454.3679245283019
459.57142857142856
460.42857142857144
461.2761904761905
462.15238095238095
463.03809523809525
463.93333333333334
460.4339622641509
465.6952380952381
466.56190476190477
467.44761904761907
463.87735849056605
469.1904761904762
470.0857142857143
475.5192307692308
476.4326923076923
477.3557692307692
478.27884615384613
479.2019230769231
480.13461538461536
481.09615384615387
486.747572815534
487.70873786407765
488.66990291262135
484.9230769230769
485.84615384615387
486.75961538461536
478.47169811320754
479.3679245283019
480.25471698113205
481.1509433962264
477.5420560747664
478.4392523364486
479.3457943925234
480.22429906542055
481.1121495327103
482.0093457943925
482.89719626168227
483.7943925233645
484.70093457943926
485.61682242990656
491.14150943396226
492.0943396226415
493.0188679245283
498.64761904761906
499.5809523809524
500.5238095238095
501.45714285714286
502.3904761904762
503.32380952380953
504.2761904761905
505.23809523809524
506.18095238095236
502.3490566037736
508.0857142857143
504.24528301886795
505.1792452830189
506.1132075471698
502.31775700934577
503.25233644859816
504.1869158878505
505.0934579439252
496.697247706422
493.7522935779817
494.6238532110092
482.23214285714283
478.8141592920354
471.7894736842105
472.63157894736844
473.4824561403509
474.9026548672566
475.75221238938053
472.44736842105266
469.18260869565216
470.5438596491228
467.32173913043476
468.16521739130434
461.008547008547
458.94017094017096
452.02521008403363
449.05833333333334
442.4918032786885
441.8181818181818
435.4552845528455
436.4016393442623
433.7073170731707
434.5691056910569
435.4227642276423
437.0163934426229
430.83870967741933
431.73387096774195
429.176
430.1532258064516
431.0806451612903
432.01612903225805
432.9274193548387
435.5528455284553
432.9516129032258
430.376
432.9516129032258
433.8709677419355
434.7983870967742
435.7317073170732
436.6585365853659
437.5934959349593
438.5655737704918
439.5163934426229
440.45081967213116
427.5206611570248
428.45454545454544
425.8524590163934
426.73770491803276
426.57851239669424
427.44628099173553
428.3305785123967
429.3833333333333
430.28333333333336
431.1666666666667
432.05
433.06722689075633
433.9495798319328
434.8235294117647
430.72033898305085
431.59322033898303
432.4491525423729
433.4786324786325
430.6864406779661
427.96638655462186
428.85714285714283
426.15
426.96638655462186
427.87394957983196
426.8813559322034
424.1764705882353
425.0504201680672
425.9495798319328
426.84033613445376
427.771186440678
428.6779661016949
429.5762711864407
430.47457627118644
432.46153846153845
433.35897435897436
434.2478632478632
435.19827586206895
432.36752136752136
433.33620689655174
430.5213675213675
433.9396551724138
435.60869565217394
436.4869565217391
437.39130434782606
441.8421052631579
442.7543859649123
443.64912280701753
448.27433628318585
449.1858407079646
450.07964601769913
450.9646017699115
451.8407079646018
452.716814159292
453.5840707964602
454.4513274336283
457.25892857142856
458.16964285714283
459.07142857142856
459.94642857142856
460.7857142857143
461.60714285714283
462.44642857142856
463.30357142857144
460.08849557522126
460.9646017699115
461.8495575221239
458.6929824561403
455.6
456.504347826087
453.4568965517241
454.32758620689657
451.3333333333333
452.2307692307692
449.2881355932203
450.1271186440678
465.6106194690266
466.4159292035398
463.10526315789474
463.9122807017544
475.01801801801804
479.5181818181818
471.8125
480.3727272727273
485.6697247706422
482.1454545454545
478.6936936936937
483.76363636363635
484.6818181818182
485.59090909090907
486.5
487.41818181818184
488.3363636363636
489.23636363636365
490.1363636363636
491.06363636363636
491.9909090909091
492.91818181818184
493.8636363636364
499.3302752293578
500.2844036697248
501.22935779816515
497.57272727272726
494.0
494.9099099099099
495.8288288288288
496.73873873873873
497.64864864864865
498.56756756756755
499.45045045045043
500.35135135135135
496.75892857142856
493.24778761061947
494.17699115044246
495.08849557522126
496.01769911504425
501.375
502.3125
503.25
508.7027027027027
509.60360360360363
510.5045045045045
511.4144144144144
512.3333333333334
517.9090909090909
518.8545454545455
519.8090909090909
520.7636363636364
512.4017857142857
513.3392857142857
518.9099099099099
519.8288288288288
520.7387387387388
521.6576576576576
522.5855855855856
518.8392857142857
519.7589285714286
520.6875
521.5982142857143
517.8938053097345
518.7964601769911
519.7168141592921
525.3125
530.990990990991
531.9459459459459
528.1339285714286
529.0714285714286
530.0267857142857
530.9732142857143
531.9285714285714
532.875
533.8392857142857
534.7946428571429
535.7678571428571
536.75
537.7321428571429
538.7232142857143
534.9115044247787
535.8761061946902
532.1315789473684
533.061403508772
533.9912280701755
534.9298245614035
535.8684210526316
536.8157894736842
537.7631578947369
538.7105263157895
539.6666666666666
540.6315789473684
541.5701754385965
533.1293103448276
531.5526315789474
532.4473684210526
524.1465517241379
525.0086206896551
525.1652173913044
521.4913793103449
522.3620689655172
515.3589743589744
516.2649572649573
504.275
505.2
506.2773109243698
507.20168067226894
508.12605042016804
509.0504201680672
510.93220338983053
511.85593220338984
512.7796610169491
511.0940170940171
512.034188034188
512.957264957265
513.8888888888889
515.8534482758621
516.7844827586207
517.6896551724138
519.6782608695652
520.591304347826
521.780701754386
518.1652173913044
519.0869565217391
520.0
521.0877192982456
521.9298245614035
522.7719298245614
523.6315789473684
525.4513274336283
526.3185840707964
527.1769911504425
528.875
529.7589285714286
511.24107142857144
512.0982142857143
508.43362831858406
509.30973451327435
510.1946902654867
508.1607142857143
509.05357142857144
509.95535714285717
510.875
512.7027027027027
509.0357142857143
505.42477876106193
507.29464285714283
508.16964285714283
509.0625
510.3063063063063
515.709090909091
516.5909090909091
517.4818181818182
519.4770642201835
520.348623853211
521.1926605504588
522.0366972477065
523.3518518518518
524.2407407407408
520.302752293578
521.6203703703703
522.4907407407408
518.5779816513761
515.1284403669724
515.9449541284404
517.1574074074074
517.9537037037037
518.7685185185185
515.8148148148148
516.6574074074074
512.7798165137615
492.04587155963304
492.9357798165138
484.9099099099099
485.7567567567568
482.25892857142856
483.10714285714283
475.4298245614035
476.20175438596493
479.14159292035396
479.9646017699115
480.7699115044248
477.359649122807
485.73214285714283
486.51785714285717
483.51785714285717
484.29464285714283
480.7699115044248
481.50442477876106
482.27433628318585
478.8157894736842
479.6140350877193
484.69026548672565
487.54464285714283
488.375
491.31531531531533
492.1801801801802
497.57272727272726
498.5090909090909
499.45454545454544
500.3909090909091
501.3181818181818
502.24545454545455
503.1454545454545
504.06363636363636
504.9727272727273
505.90909090909093
506.8636363636364
507.8272727272727
508.7909090909091
509.76363636363635
510.7181818181818
507.06306306306305
507.9189189189189
533.4666666666667
534.2571428571429
535.0857142857143
535.9047619047619
555.8217821782179
556.7029702970297
557.5742574257425
558.4950495049505
559.2871287128713
560.1980198019802
561.0693069306931
561.9306930693069
562.7920792079208
563.6732673267327
564.5346534653465
565.4059405940594
560.7156862745098
561.5686274509804
562.4117647058823
557.8058252427185
553.2884615384615
548.8952380952381
549.7523809523809
555.9423076923077
551.5428571428571
552.447619047619
553.3523809523809
554.2666666666667
555.2
556.1333333333333
557.0857142857143
558.0285714285715
558.9619047619047
559.9047619047619
560.8380952380952
561.7714285714286
568.125
563.6761904761905
564.6476190476191
565.6190476190476
561.2452830188679
562.2075471698113
552.75
553.6851851851852
554.6111111111111
555.5277777777778
556.4629629629629
557.4074074074074
558.3611111111111
559.3148148148148
560.2685185185185
561.2222222222222
562.1851851851852
563.1388888888889
564.0648148148148
565.0092592592592
565.9722222222222
566.9444444444445
573.2242990654206
574.2149532710281
575.2056074766355
576.1682242990654
577.1401869158879
578.0841121495328
579.0280373831775
579.9719626168225
580.9252336448598
581.8878504672897
582.8411214953271
583.803738317757
584.7663551401869
585.7102803738318
586.6448598130842
587.5981308411215
588.5514018691589
589.5140186915888
590.4953271028037
586.0
586.9722222222222
587.9444444444445
588.925925925926
589.8888888888889
590.8333333333334
591.7777777777778
592.7222222222222
593.6666666666666
594.6111111111111
595.5555555555555
596.5
597.4814814814815
598.4444444444445
605.0093457943925
600.3703703703703
601.3518518518518
602.3148148148148
603.8867924528302
604.8301886792453
605.7452830188679
606.6509433962265
607.7714285714286
608.6761904761905
609.6095238095238
611.5288461538462
612.4326923076923
613.3365384615385
614.2788461538462
617.4563106796116
618.3592233009708
619.2621359223301
620.1456310679612
621.0291262135922
621.9117647058823
622.7941176470588
617.6019417475728
619.2843137254902
620.1470588235294
615.0194174757281
618.1470588235294
619.0588235294117
621.1683168316831
622.1089108910891
623.0297029702971
624.93
625.85
626.8080808080808
627.7575757575758
628.6868686868687
629.6262626262626
626.5454545454545
621.18
622.06
612.47
607.2574257425742
608.0792079207921
603.5940594059406
604.3960396039604
599.2450980392157
601.6237623762377
596.5294117647059
597.3627450980392
591.7352941176471
592.5588235294117
587.6310679611651
588.4563106796116
589.6764705882352
584.7864077669902
585.6116504854369
586.843137254902
581.9514563106796
582.7669902912621
577.9615384615385
579.2330097087379
579.1764705882352
580.0
580.8235294117648
581.6274509803922
582.7623762376238
583.5940594059406
584.4356435643564
585.2673267326733
585.4
586.22
581.2376237623762
580.12
580.98
576.0990099009902
572.13
574.4545454545455
575.3131313131313
576.1616161616162
576.969696969697
577.7474747474747
578.7551020408164
579.5204081632653
580.5567010309278
581.3505154639175
576.6288659793814
571.5204081632653
572.295918367347
573.0816326530612
573.9285714285714
574.7448979591836
575.5816326530612
576.3979591836735
577.234693877551
578.0612244897959
578.9081632653061
579.7857142857143
580.6836734693877
581.5816326530612
583.3711340206186
584.2268041237113
579.0816326530612
579.8979591836735
580.7448979591836
581.5918367346939
582.4489795918367
577.3737373737374
578.2121212121212
579.020202020202
568.3366336633663
569.0990099009902
569.8910891089109
570.7029702970297
571.5247524752475
566.7549019607843
567.5980392156863
568.4509803921569
569.3039215686274
570.1372549019608
565.4563106796116
566.3300970873786
561.7596153846154
562.625
558.0761904761905
583.73
584.61
579.6831683168317
580.5643564356436
575.7549019607843
576.6470588235294
571.9223300970874
572.8349514563107
573.7378640776699
563.7142857142857
564.6285714285714
565.5238095238095
561.1132075471698
562.0188679245283
562.933962264151
563.8679245283018
564.811320754717
565.7547169811321
572.0666666666667
572.9714285714285
573.8857142857142
574.8
575.7333333333333
582.25
583.2307692307693
584.2115384615385
585.1634615384615
586.1057692307693
592.747572815534
593.6699029126214
594.5922330097087
595.5436893203884
596.504854368932
597.4757281553398
598.4271844660194
599.3883495145631
600.3592233009708
601.3106796116505
602.2621359223301
603.1844660194175
604.0970873786408
605.0
605.9514563106796
606.9029126213592
607.8640776699029
608.7961165048544
609.747572815534
610.7184466019418
611.6407766990292
612.5922330097087
613.5242718446602
608.5576923076923
609.5192307692307
610.4807692307693
611.4423076923077
612.3846153846154
607.495238095238
608.4571428571429
609.4
610.3428571428572
611.2952380952381
612.2380952380952
613.1904761904761
614.1238095238095
615.0666666666667
616.0190476190476
622.9134615384615
623.8846153846154
624.8365384615385
625.7884615384615
626.7403846153846
633.8058252427185
634.7864077669902
629.6538461538462
630.625
631.5961538461538
632.5673076923077
627.504761904762
628.447619047619
623.4528301886793
624.3867924528302
619.4859813084112
620.4299065420561
615.6296296296297
616.5833333333334
617.5462962962963
612.8440366972477
613.8073394495412
614.7614678899082
615.7155963302753
616.6697247706422
617.6422018348624
618.6330275229358
619.6238532110092
620.5963302752293
624.3177570093458
625.2897196261682
626.2523364485982
627.196261682243
626.8679245283018
621.9252336448598
622.8411214953271
624.2452830188679
619.3364485981308
620.2523364485982
615.803738317757
616.7196261682243
617.6355140186915
612.7870370370371
613.6481481481482
608.8807339449542
609.743119266055
599.6036036036036
582.6090909090909
578.2252252252252
573.9107142857143
569.6902654867257
570.5752212389381
571.4601769911504
568.9911504424779
569.9115044247787
570.8035714285714
571.7410714285714
572.6607142857143
573.5714285714286
574.5
577.1171171171171
583.3363636363637
584.3577981651376
585.2844036697247
586.1926605504588
587.0825688073395
587.9357798165138
588.8256880733945
589.743119266055
590.6788990825688
591.605504587156
592.5462962962963
593.4444444444445
594.3148148148148
575.0283018867924
577.6285714285714
578.4761904761905
579.3238095238095
579.7115384615385
580.5480769230769
581.4326923076923
584.5145631067961
585.3203883495146
586.0970873786408
586.9029126213592
590.5445544554456
591.4059405940594
592.2475247524752
573.6
574.48
575.35
575.7777777777778
576.6363636363636
579.7551020408164
580.6326530612245
575.6060606060606
576.4545454545455
577.6428571428571
578.530612244898
579.3673469387755
579.639175257732
580.5257731958762
581.3711340206186
582.2061855670103
583.3854166666666
584.2708333333334
585.1666666666666
567.7578947368421
568.5894736842105
569.421052631579
570.2842105263157
573.2978723404256
574.1063829787234
574.936170212766
575.8085106382979
576.7234042553191
577.6382978723404
578.5106382978723
579.4148936170212
580.3297872340426
581.2340425531914
582.1170212765958
583.0106382978723
583.9255319148937
584.8404255319149
585.6914893617021
586.5744680851063
587.4255319148937
588.3191489361702
589.2127659574468
590.1489361702128
591.0531914893617
591.9468085106383
592.7978723404256
593.6489361702128
594.436170212766
595.2765957446809
596.1063829787234
596.9787234042553
597.8404255319149
598.7446808510638
599.6489361702128
594.2736842105263
595.1894736842105
596.0842105263158
590.71875
591.59375
592.4895833333334
587.2989690721649
588.2268041237113
589.1649484536083
590.1237113402062
591.0824742268042
592.0618556701031
592.9896907216495
593.8659793814433
594.7010309278351
595.5567010309278
596.4226804123712
597.2989690721649
598.2061855670103
599.1237113402062
600.020618556701
600.9587628865979
601.9072164948453
602.8659793814433
603.7628865979382
604.680412371134
605.6082474226804
606.5257731958762
607.4432989690722
608.3711340206186
609.2989690721649
610.2164948453608
611.1443298969073
612.0824742268042
613.0
613.9278350515464
614.8556701030927
615.8041237113403
616.7835051546392
617.7628865979382
618.7422680412371
619.7216494845361
620.6701030927835
621.6185567010309
622.5360824742268
623.4536082474227
624.3711340206186
625.3092783505155
626.2371134020618
627.1752577319587
621.6938775510204
622.6122448979592
623.5204081632653
624.3877551020408
625.234693877551
626.0918367346939
620.6464646464647
621.5151515151515
622.4040404040404
623.2929292929293
624.1919191919192
625.1111111111111
626.030303030303
626.9494949494949
627.8585858585859
628.7676767676768
623.4
624.32
625.26
626.2
627.15
628.09
616.7058823529412
617.6372549019608
618.5392156862745
613.4368932038835
608.4326923076923
609.3269230769231
598.7169811320755
605.3142857142857
594.8878504672897
595.7943925233645
585.7614678899082
586.6697247706422
587.5688073394496
588.440366972477
583.9636363636364
584.8545454545455
580.4774774774775
581.3963963963964
577.1339285714286
578.0714285714286
579.0357142857143
579.9910714285714
580.9375
581.8839285714286
582.8303571428571
578.6283185840708
579.5929203539823
580.5575221238938
581.5398230088496
582.5044247787611
562.4414414414415
563.4234234234234
564.3873873873874
565.3423423423424
566.2454545454545
567.1636363636363
568.0727272727273
570.9449541284404
571.8532110091743
572.7614678899082
573.651376146789
574.2962962962963
575.1851851851852
576.074074074074
568.8504672897196
569.7757009345794
570.6822429906542
571.7830188679245
572.6981132075472
573.6037735849056
569.1028037383178
569.9158878504672
570.4905660377359
571.3867924528302
572.3018867924528
573.847619047619
574.7809523809524
575.7238095238096
576.6761904761905
577.6095238095238
578.5428571428571
580.3269230769231
581.2788461538462
582.2307692307693
583.1730769230769
584.1057692307693
585.0480769230769
588.3203883495146
589.2815533980582
588.8529411764706
589.7941176470588
584.9902912621359
580.2692307692307
582.0388349514564
582.8932038834952
577.5490196078431
578.4215686274509
579.2843137254902
580.1470588235294
572.9607843137255
573.8137254901961
574.6470588235294
575.5
574.8019801980198
575.6237623762377
576.4356435643564
577.54
578.36
573.4455445544554
574.54
575.38
574.5959595959596
569.71
570.59
565.7920792079208
567.55
560.97
561.78
562.65
563.52
558.8217821782179
560.46
561.35
559.6161616161617
560.4949494949495
561.3838383838383
562.9795918367347
563.8571428571429
564.734693877551
565.6122448979592
566.2371134020618
567.1340206185567
566.1354166666666
567.0
567.875
568.7708333333334
569.6979166666666
570.6145833333334
571.5208333333334
572.4479166666666
573.34375
574.2083333333334
575.03125
575.875
576.7395833333334
577.6354166666666
578.5416666666666
579.4583333333334
580.375
581.28125
582.1770833333334
583.0208333333334
583.8229166666666
584.625
585.4479166666666
586.28125
587.15625
588.03125
588.9375
589.8854166666666
590.8333333333334
591.7708333333334
592.6979166666666
587.4742268041238
588.340206185567
589.2061855670103
590.0824742268042
590.9381443298969
591.7938144329897
592.6701030927835
593.5876288659794
594.5051546391752
595.4329896907217
596.3711340206186
591.1938775510204
592.1020408163265
592.969387755102
599.9381443298969
600.8041237113403
601.7113402061856
602.5773195876288
603.4639175257732
604.3505154639175
605.2577319587629
606.1855670103092
607.0824742268042
607.9896907216495
608.8969072164948
616.125
617.0416666666666
617.9895833333334
618.9479166666666
619.90625
620.84375
621.8020833333334
622.7291666666666
623.65625
624.5625
625.46875
626.3645833333334
627.2604166666666
628.15625
629.0416666666666
629.9166666666666
624.319587628866
618.8673469387755
619.795918367347
620.7551020408164
615.4040404040404
616.3131313131313
611.03
611.93
612.85
607.7128712871287
608.6534653465346
609.6138613861386
610.5742574257425
611.5148514851485
612.4554455445544
613.3861386138614
614.3267326732673
615.2673267326733
616.2178217821782
617.1683168316831
618.1089108910891
619.0693069306931
620.039603960396
621.009900990099
621.950495049505
622.9108910891089
623.8712871287129
624.8118811881188
625.7425742574258
626.6633663366337
627.6039603960396
628.5544554455446
629.5247524752475
630.4950495049505
631.4356435643564
632.3762376237623
633.3168316831683
634.2673267326733
635.1881188118812
636.1386138613861
637.0891089108911
638.039603960396
638.980198019802
639.8910891089109
640.7920792079208
641.7029702970297
642.6138613861386
637.2156862745098
638.1176470588235
639.0392156862745
639.9803921568628
640.9313725490196
641.8823529411765
642.843137254902
643.8235294117648
644.7745098039215
645.7156862745098
646.656862745098
647.6176470588235
642.252427184466
643.1650485436893
645.0784313725491
639.7184466019418
640.6213592233009
635.3269230769231
613.8640776699029
614.7184466019418
603.847619047619
604.1923076923077
599.2666666666667
594.433962264151
589.7009345794393
590.8490566037735
586.1775700934579
587.0373831775701
588.2641509433962
583.626168224299
584.4766355140187
579.9166666666666
580.7592592592592
576.4537037037037
566.8181818181819
562.5675675675676
562.5181818181818
563.4
559.2162162162163
560.1081081081081
557.2432432432432
559.5
555.3513513513514
556.2636363636364
552.1261261261261
553.0
554.0090909090909
554.8909090909091
553.1743119266055
554.0366972477065
554.9174311926605
556.9166666666666
557.7777777777778
559.7943925233645
560.6355140186915
562.7169811320755
563.566037735849
564.4150943396227
559.9719626168225
561.2761904761904
562.1047619047619
562.952380952381
558.4905660377359
559.4230769230769
560.2980769230769
555.8190476190476
556.3461538461538
551.9047619047619
552.7619047619048
553.6285714285714
549.6190476190476
550.504761904762
542.4095238095238
543.2476190476191
544.0952380952381
544.9333333333333
546.1057692307693
546.9903846153846
547.8846153846154
528.8640776699029
524.6826923076923
525.5769230769231
526.5242718446602
527.3883495145631
528.4705882352941
529.1782178217821
530.0693069306931
525.6831683168317
526.6138613861386
527.5544554455446
528.4752475247525
529.52
530.44
531.38
532.26
533.8484848484849
534.6868686868687
534.7142857142857
535.5816326530612
536.469387755102
537.3367346938776
538.2244897959183
539.1224489795918
539.9897959183673
540.8061224489796
541.6020408163265
542.4183673469388
543.2755102040817
544.1224489795918
544.9897959183673
545.8979591836735
546.8061224489796
547.6938775510204
548.5408163265306
549.4183673469388
550.295918367347
551.1938775510204
552.0816326530612
552.9795918367347
553.8877551020408
554.7551020408164
555.6428571428571
556.530612244898
557.4183673469388
558.3163265306123
559.2448979591836
560.204081632653
561.1530612244898
562.1326530612245
563.1122448979592
564.0714285714286
564.9591836734694
565.8775510204082
566.8061224489796
572.340206185567
573.2371134020618
574.1443298969073
575.0515463917526
575.9278350515464
576.7835051546392
577.6288659793814
578.4845360824743
579.3711340206186
580.2680412371134
581.1752577319587
582.0618556701031
577.0204081632653
577.9183673469388
578.7755102040817
579.6428571428571
580.5204081632653
581.4489795918367
582.3979591836735
583.3367346938776
584.295918367347
585.2244897959183
586.1530612244898
587.0714285714286
587.969387755102
588.8469387755102
589.7755102040817
590.704081632653
591.6632653061224
598.7319587628866
599.680412371134
600.6082474226804
601.5463917525773
602.4845360824743
603.4020618556701
604.319587628866
605.2371134020618
606.1958762886597
607.1649484536083
608.1340206185567
609.0824742268042
610.0
610.9278350515464
611.8659793814433
612.8144329896908
613.7731958762887
614.7319587628866
615.7010309278351
616.6701030927835
617.639175257732
618.5876288659794
619.5051546391752
620.4020618556701
621.2886597938144
622.1546391752578
623.020618556701
623.9072164948453
624.7938144329897
625.7010309278351
626.5979381443299
627.4948453608248
628.4123711340206
629.3298969072165
630.2474226804123
631.1546391752578
632.0412371134021
632.9381443298969
633.8144329896908
634.7113402061856
629.1122448979592
630.0102040816327
630.9081632653061
631.8163265306123
632.7448979591836
633.6632653061224
634.5918367346939
635.5
629.969696969697
624.55
619.2475247524752
614.0686274509804
609.0
609.9029126213592
604.9519230769231
594.4433962264151
595.3490566037735
590.7009345794393
591.626168224299
592.5700934579439
582.6330275229358
583.559633027523
584.5045871559633
585.4587155963303
586.4128440366973
587.3761467889908
588.2129629629629
589.175925925926
590.1111111111111
591.0462962962963
593.7009345794393
589.1574074074074
590.0925925925926
591.0
593.5233644859813
588.9351851851852
589.824074074074
591.7289719626168
592.626168224299
588.0277777777778
588.9166666666666
585.3148148148148
586.1944444444445
576.4090909090909
577.290909090909
574.3454545454546
575.2181818181818
565.8035714285714
562.9375
558.8495575221239
559.7610619469026
555.7456140350877
552.859649122807
553.7543859649123
548.4035087719299
549.2894736842105
550.219298245614
549.3716814159292
550.3185840707964
551.2654867256637
553.1696428571429
549.2212389380531
550.1592920353983
531.1964285714286
532.125
533.0535714285714
533.9910714285714
535.7297297297297
536.6756756756756
538.4181818181818
539.3363636363637
538.8715596330276
539.7614678899082
540.6422018348624
541.5321100917431
541.5648148148148
542.4722222222222
543.3518518518518
527.0
528.8396226415094
529.6981132075472
530.5566037735849
530.4857142857143
531.3238095238095
532.1238095238095
532.9428571428572
533.7523809523809
535.6153846153846
536.4615384615385
537.3076923076923
538.4174757281553
534.1057692307693
534.9807692307693
535.8269230769231
535.8349514563107
536.6893203883495
537.5339805825242
538.3592233009708
540.5392156862745
541.3627450980392
542.2254901960785
542.1485148514852
543.0891089108911
544.0297029702971
544.950495049505
544.93
545.83
546.72
550.010101010101
550.8787878787879
551.7575757575758
552.6464646464647
553.5050505050505
554.3838383838383
555.2828282828283
556.1717171717172
557.040404040404
557.9191919191919
558.7777777777778
559.6565656565657
560.5252525252525
561.3838383838383
562.2525252525253
563.1212121212121
563.989898989899
559.25
560.14
561.05
557.72
558.61
559.48
560.33
561.18
562.05
562.89
563.75
564.62
565.49
560.7821782178218
561.6831683168317
562.5940594059406
563.5049504950495
564.4059405940594
565.3168316831683
566.2079207920792
567.0990099009902
577.7979797979798
578.6666666666666
579.5353535353536
574.62
575.52
576.43
577.36
578.25
579.13
580.03
580.92
581.82
582.69
583.57
584.44
585.31
586.17
587.06
588.0
588.96
589.92
590.87
591.84
592.79
593.71
594.62
589.6336633663366
590.5445544554456
591.4653465346535
592.4257425742575
587.5686274509804
588.5098039215686
589.4411764705883
590.343137254902
585.5339805825242
586.4368932038835
587.3300970873786
582.5865384615385
583.5
578.8666666666667
579.7619047619048
580.6666666666666
581.5809523809523
582.5238095238095
583.4666666666667
584.3904761904762
585.3428571428572
586.3238095238095
587.3047619047619
588.2666666666667
589.2285714285714
584.622641509434
585.5849056603773
586.5
587.4150943396227
588.3490566037735
583.7850467289719
579.324074074074
580.2685185185185
581.2222222222222
582.1851851851852
583.1481481481482
578.743119266055
579.6697247706422
580.6146788990826
581.559633027523
577.2272727272727
578.2
579.1727272727272
580.1454545454545
581.1
582.0545454545454
583.0090909090909
583.9545454545455
584.9090909090909
585.8636363636364
586.8363636363637
587.8090909090909
588.7818181818182
589.7636363636364
590.7545454545455
586.4144144144144
587.3873873873874
583.1160714285714
584.0892857142857
579.8849557522124
580.8407079646017
576.6929824561404
577.6491228070175
573.5565217391304
574.4869565217391
575.4347826086956
566.5213675213676
567.4615384615385
568.3931623931624
548.6608695652174
549.6
550.5391304347826
551.4521739130435
546.3008849557522
547.2566371681415
548.2035398230089
528.7837837837837
529.7027027027027
530.6126126126126
531.5315315315315
532.4090909090909
533.3363636363637
534.2636363636364
534.6697247706422
535.5871559633027
536.5648148148148
537.5277777777778
538.4629629629629
539.3888888888889
540.2870370370371
541.2129629629629
542.1388888888889
543.0555555555555
543.9814814814815
546.2897196261682
547.2242990654206
548.1682242990654
549.1028037383178
550.0373831775701
550.9626168224299
554.8857142857142
555.8095238095239
536.8942307692307
537.8365384615385
540.2330097087379
541.1747572815534
542.0776699029126
544.6470588235294
545.5098039215686
546.3529411764706
547.1960784313726
548.0294117647059
550.2277227722773
545.6666666666666
546.0297029702971
546.8811881188119
547.7326732673267
548.5841584158416
546.57
547.34
548.13
549.5757575757576
550.3636363636364
551.1919191919192
551.979797979798
552.7878787878788
553.5757575757576
556.5257731958762
557.3711340206186
559.7083333333334
561.3263157894737
562.1578947368421
563.0
557.4842105263158
558.2315789473685
550.1473684210526
550.9578947368421
551.8421052631579
554.0957446808511
555.0212765957447
548.7978723404256
549.6914893617021
550.6063829787234
545.6631578947369
546.4736842105264
537.1770833333334
538.0416666666666
540.1263157894737
535.34375
536.1770833333334
511.5104166666667
512.3958333333334
508.0
508.8659793814433
508.63917525773195
509.5360824742268
505.2040816326531
506.01020408163265
506.7755102040816
507.59183673469386
513.680412371134
514.5051546391752
515.360824742268
517.4583333333334
518.2708333333334
519.1041666666666
519.96875
520.7916666666666
521.5729166666666
522.3645833333334
525.7157894736843
526.3789473684211
527.0315789473684
527.6421052631579
528.2736842105263
528.978947368421
524.1666666666666
524.875
525.5625
526.2916666666666
527.03125
527.78125
528.5520833333334
529.34375
530.15625
531.0
528.7473684210527
529.6421052631579
530.5368421052632
540.516129032258
541.4301075268817
542.3010752688172
543.1505376344086
543.9569892473119
544.8064516129032
545.6559139784946
546.483870967742
547.3333333333334
548.1935483870968
549.0645161290323
549.9569892473119
550.8709677419355
551.752688172043
552.6451612903226
553.5483870967741
554.4301075268817
555.3225806451613
556.2150537634409
557.1612903225806
558.1182795698925
559.0752688172043
560.0322580645161
561.0
561.9247311827957
562.8064516129032
563.6129032258065
564.4301075268817
565.2688172043011
566.1505376344086
567.0322580645161
567.9032258064516
562.7234042553191
563.5851063829788
558.5578947368421
559.421052631579
560.2631578947369
561.1157894736842
561.9684210526316
562.8526315789474
563.7368421052631
564.6210526315789
565.5157894736842
566.4
567.2947368421053
568.1789473684211
569.0631578947368
569.9368421052632
570.7894736842105
571.6421052631579
572.5263157894736
573.4105263157895
574.3052631578947
569.1875
570.0625
570.9583333333334
560.1938775510204
561.0918367346939
556.3333333333334
557.2424242424242
558.1717171717172
559.0808080808081
559.989898989899
560.929292929293
556.26
557.21
558.17
559.13
560.1
561.04
561.96
562.89
563.84
564.8
565.78
566.74
567.7
568.66
569.62
570.57
571.5
572.45
573.41
574.37
575.33
576.3
577.27
578.21
579.16
580.12
581.07
582.03
583.0
583.97
579.1287128712871
579.020202020202
579.959595959596
575.04
575.88
570.32
571.17
566.3663366336634
567.53
562.7722772277227
558.0686274509804
553.4757281553398
554.3009708737864
551.3398058252427
546.8846153846154
549.3009708737864
544.8846153846154
540.0769230769231
540.9519230769231
536.6476190476191
537.0384615384615
527.7735849056604
523.7009345794393
519.7222222222222
520.3177570093458
516.3888888888889
515.3364485981308
506.79816513761466
507.6880733944954
503.96363636363634
504.8454545454546
500.77272727272725
501.7090909090909
495.26363636363635
496.1909090909091
492.64864864864865
493.5945945945946
495.09090909090907
496.03636363636366
496.0
496.9633027522936
497.91743119266056
498.8532110091743
499.7798165137615
501.3703703703704
502.2962962962963
501.0566037735849
501.95283018867923
502.8490566037736
503.74528301886795
498.63461538461536
499.53846153846155
500.41346153846155
500.15533980582524
501.02912621359224
501.90291262135923
502.7669902912621
504.22549019607845
505.03921568627453
506.76237623762376
508.44
510.07070707070704
510.8888888888889
511.6969696969697
513.234693877551
514.0408163265306
514.8469387755102
515.4479166666666
510.9484536082474
512.8229166666666
491.65263157894736
487.3541666666667
488.1770833333333
487.63157894736844
483.3645833333333
484.1666666666667
479.97938144329896
481.3333333333333
477.1958762886598
478.375
474.29896907216494
475.11340206185565
471.4639175257732
472.29896907216494
447.5729166666667
448.3854166666667
444.58762886597935
445.3814432989691
441.6734693877551
442.5408163265306
443.38775510204084
444.2142857142857
445.0408163265306
445.9183673469388
446.7857142857143
447.64285714285717
448.48979591836735
449.3673469387755
450.2448979591837
451.1020408163265
451.9591836734694
452.7857142857143
453.57142857142856
454.3061224489796
455.0204081632653
455.765306122449
457.89690721649487
458.6082474226804
459.30927835051546
460.03092783505156
456.07142857142856
456.8061224489796
457.57142857142856
458.3265306122449
459.11224489795916
459.90816326530614
460.70103092783506
461.5360824742268
462.3814432989691
463.21649484536084
464.0618556701031
464.9072164948454
465.7525773195876
461.8061224489796
462.66326530612247
463.5204081632653
464.38775510204084
465.265306122449
466.1734693877551
467.09183673469386
468.0204081632653
468.8979591836735
469.81632653061223
470.7448979591837
471.66326530612247
472.59183673469386
473.48979591836735
474.40816326530614
475.3061224489796
476.2040816326531
477.1326530612245
478.05102040816325
478.98979591836735
479.9387755102041
480.8673469387755
481.7857142857143
482.7244897959184
478.7676767676768
479.6868686868687
480.5858585858586
476.66
477.53
473.6831683168317
474.58415841584156
470.8333333333333
471.7450980392157
468.06796116504853
468.9611650485437
465.3557692307692
466.27884615384613
462.76190476190476
463.67619047619047
464.6
465.53333333333336
466.4761904761905
467.43809523809523
468.4
469.3619047619048
470.3333333333333
471.3047619047619
472.2761904761905
473.23809523809524
469.7358490566038
470.6981132075472
471.6698113207547
472.64150943396226
469.1869158878505
470.14018691588785
462.45871559633025
463.4036697247706
464.348623853211
456.9099099099099
457.8378378378378
454.66964285714283
451.56637168141594
448.5175438596491
445.5304347826087
442.6034482758621
439.7264957264957
436.90677966101697
434.1512605042017
435.07563025210084
432.39166666666665
433.34166666666664
430.7107438016529
431.6694214876033
432.6280991735537
430.0409836065574
431.0163934426229
432.0
432.9836065573771
433.9754098360656
434.9672131147541
435.9672131147541
436.9672131147541
437.9672131147541
438.9672131147541
439.9672131147541
440.9672131147541
441.9672131147541
442.9672131147541
443.9672131147541
444.9672131147541
445.9672131147541
446.9672131147541
447.95081967213116
445.375
446.34166666666664
447.2916666666667
448.23333333333335
449.728813559322
450.6949152542373
451.66101694915255
451.9396551724138
452.91379310344826
453.87068965517244
454.8103448275862
456.03478260869565
456.96521739130435
457.89565217391305
439.1842105263158
440.13157894736844
441.06140350877195
442.0
442.9298245614035
444.01769911504425
444.95575221238937
445.87610619469024
447.11607142857144
448.0357142857143
448.9642857142857
449.5765765765766
450.4864864864865
451.4054054054054
452.3243243243243
453.23423423423424
455.1363636363636
456.03636363636366
457.9724770642202
458.88990825688074
460.1574074074074
461.0925925925926
462.02777777777777
462.962962962963
463.8796296296296
468.20754716981133
469.12264150943395
470.04716981132077
474.6442307692308
475.59615384615387
476.52884615384613
474.8235294117647
475.7450980392157
472.00970873786406
463.8857142857143
462.22330097087377
463.0873786407767
463.9611650485437
464.5980392156863
465.46078431372547
466.3137254901961
467.1764705882353
469.46534653465346
470.36633663366337
468.38613861386136
470.16
472.22222222222223
473.1313131313131
474.0
477.03061224489795
477.90816326530614
478.7959183673469
479.6938775510204
480.61224489795916
459.5360824742268
460.4639175257732
442.7708333333333
443.6875
444.6145833333333
447.3578947368421
448.29473684210524
449.2
452.5531914893617
453.4468085106383
454.29787234042556
453.4193548387097
454.26881720430106
455.1182795698925
458.39130434782606
459.25
465.04395604395603
465.86813186813185
466.6703296703297
467.4835164835165
468.3076923076923
471.73333333333335
472.56666666666666
473.3777777777778
474.22222222222223
475.0444444444444
475.8666666666667
476.7111111111111
477.5777777777778
478.4555555555556
479.34444444444443
480.25555555555553
481.15555555555557
481.9888888888889
485.4157303370786
486.1685393258427
486.9550561797753
487.76404494382024
488.59550561797755
489.4269662921348
490.2584269662921
491.12359550561797
492.03370786516854
492.91011235955057
493.7752808988764
494.60674157303373
495.46067415730334
499.04545454545456
494.2808988764045
495.1573033707865
490.5
491.35555555555555
492.2
493.0
493.81111111111113
494.64444444444445
495.5444444444444
496.44444444444446
497.3333333333333
498.24444444444447
493.68131868131866
494.6043956043956
495.5054945054945
491.0108695652174
491.9021739130435
492.8152173913044
493.7282608695652
494.6630434782609
495.60869565217394
496.57608695652175
497.54347826086956
498.5108695652174
499.4673913043478
500.3804347826087
501.2826086956522
502.2173913043478
503.14130434782606
504.0652173913044
505.0
505.92391304347825
506.8369565217391
507.75
508.64130434782606
509.55434782608694
510.44565217391306
511.3478260869565
512.2282608695652
513.0978260869565
513.9782608695652
514.8695652173913
515.7608695652174
516.6630434782609
517.5652173913044
518.4239130434783
519.25
514.483870967742
515.3118279569892
510.6489361702128
511.4468085106383
506.87368421052633
507.69473684210527
508.53684210526313
504.0729166666667
504.9375
500.6082474226804
496.3775510204082
492.24242424242425
493.14141414141415
484.23762376237624
485.0792079207921
476.5242718446602
477.3980582524272
473.6730769230769
470.0571428571429
466.5
467.4056603773585
463.9252336448598
464.8317757009346
465.7570093457944
462.3425925925926
463.27777777777777
464.2037037037037
465.1574074074074
466.1111111111111
467.0925925925926
468.0740740740741
469.05555555555554
470.037037037037
471.01851851851853
471.97222222222223
472.9259259259259
473.8796296296296
474.8425925925926
475.7962962962963
476.75
477.712962962963
478.6759259259259
479.64814814814815
480.6203703703704
481.5925925925926
482.5740740740741
483.52777777777777
484.5
485.48148148148147
486.462962962963
487.4537037037037
488.4259259259259
487.5660377358491
488.5377358490566
489.49056603773585
490.42452830188677
492.3333333333333
493.20952380952383
489.41509433962267
491.3142857142857
492.20952380952383
493.1047619047619
494.0
495.6057692307692
496.47115384615387
499.00970873786406
500.921568627451
501.7352941176471
502.55882352941177
503.28712871287127
504.1485148514852
505.0
500.9019607843137
503.45544554455444
504.3267326732673
505.18811881188117
507.78
508.64
506.26
507.14
504.03
504.92
500.8019801980198
498.43564356435644
494.4117647058824
490.4757281553398
486.61538461538464
482.8285714285714
484.46153846153845
476.16037735849056
477.00943396226415
473.4018691588785
473.72641509433964
470.1588785046729
468.74528301886795
465.21495327102804
466.0373831775701
460.57547169811323
461.37735849056605
462.1698113207547
462.9433962264151
462.0192307692308
462.83653846153845
459.2190476190476
460.53846153846155
452.6509433962264
453.47169811320754
450.06542056074767
450.9065420560748
448.0841121495327
448.94392523364485
445.6296296296296
446.49074074074076
447.7196261682243
444.4537037037037
447.16037735849056
448.0377358490566
448.9339622641509
449.8301886792453
452.3142857142857
453.1904761904762
454.0761904761905
454.9428571428571
457.0576923076923
457.9423076923077
458.8269230769231
460.13592233009706
461.02912621359224
461.88349514563106
462.747572815534
463.621359223301
466.2352941176471
467.0882352941176
467.95098039215685
468.84313725490193
471.28712871287127
472.1782178217822
473.05940594059405
473.9504950495049
474.8217821782178
475.7227722772277
476.55445544554453
477.4059405940594
473.54901960784315
474.4019607843137
475.27450980392155
476.1862745098039
472.4660194174757
473.3980582524272
474.3203883495146
475.2718446601942
476.19417475728153
477.09708737864077
477.9611650485437
478.81553398058253
479.6407766990291
480.43689320388347
481.252427184466
482.02912621359224
482.8349514563107
483.6116504854369
484.3883495145631
485.18446601941747
485.9514563106796
486.77669902912623
487.6019417475728
483.75
484.58653846153845
485.4519230769231
481.7142857142857
482.5809523809524
483.4761904761905
484.4
485.3333333333333
486.25714285714287
487.15238095238095
488.04761904761904
488.9428571428571
489.8666666666667
490.81904761904764
491.73333333333335
492.62857142857143
493.55238095238093
494.4761904761905
495.4
496.2952380952381
497.2
498.0952380952381
498.9904761904762
499.8952380952381
500.77142857142854
501.65714285714284
502.57142857142856
503.45714285714286
499.57547169811323
500.45283018867923
501.3207547169811
502.188679245283
503.0188679245283
503.8207547169811
504.5943396226415
505.37735849056605
506.1981132075472
502.2803738317757
503.1121495327103
503.98130841121497
500.18518518518516
501.0740740740741
501.9537037037037
502.8611111111111
503.7962962962963
504.74074074074076
505.68518518518516
501.9908256880734
502.95412844036696
503.91743119266056
504.8715596330275
505.8073394495413
506.7798165137615
507.74311926605503
508.7155963302752
509.6880733944954
510.6605504587156
511.64220183486236
512.6146788990826
513.5871559633027
514.4954128440367
510.74545454545455
511.7
512.6454545454545
513.6
514.5636363636364
515.5272727272727
511.8288288288288
512.7657657657658
513.6936936936937
514.6306306306307
515.5855855855856
516.5405405405405
517.4954954954954
518.4414414414415
519.3963963963964
520.3603603603603
521.3063063063063
522.2612612612612
523.2432432432432
524.2342342342342
525.2342342342342
526.2162162162163
527.2072072072073
528.1981981981982
529.1711711711712
530.1441441441441
531.1351351351351
532.1261261261261
533.0990990990991
534.0540540540541
534.990990990991
535.918918918919
536.8468468468468
532.9821428571429
533.9107142857143
530.1150442477876
531.0442477876106
531.9823008849557
528.2543859649123
529.1842105263158
530.3362831858407
526.5877192982456
527.4736842105264
523.7652173913043
524.2105263157895
520.5304347826087
521.4173913043478
517.8189655172414
518.9043478260869
519.8
516.2155172413793
518.2280701754386
519.1754385964912
515.6
517.3157894736842
518.2456140350877
519.1842105263158
520.3097345132743
521.2654867256637
522.2300884955753
502.89285714285717
503.8482142857143
500.34513274336285
501.3008849557522
504.54464285714283
505.48214285714283
506.41964285714283
507.35714285714283
509.6756756756757
510.6216216216216
511.56756756756755
512.5045045045046
513.4504504504505
514.4054054054054
516.1272727272727
517.0091743119266
517.9633027522935
518.9174311926605
515.1454545454545
518.4495412844037
519.3761467889908
520.2935779816514
521.2201834862385
522.8518518518518
523.7592592592592
520.5094339622641
521.3962264150944
522.2735849056604
523.122641509434
524.2285714285714
525.0761904761905
525.9047619047619
525.8365384615385
526.6634615384615
527.4807692307693
528.3461538461538
529.6504854368932
530.495145631068
531.3203883495146
532.1262135922331
533.4901960784314
534.2843137254902
538.25
539.03
540.3333333333334
541.1818181818181
542.4081632653061
543.2551020408164
538.6464646464647
539.9591836734694
535.3333333333334
536.1818181818181
539.265306122449
542.979381443299
544.6145833333334
545.5208333333334
546.40625
547.978947368421
548.8947368421053
527.8936170212766
528.8297872340426
530.258064516129
531.1612903225806
532.0
532.763440860215
533.5806451612904
534.4086021505376
535.258064516129
536.1075268817204
536.989247311828
537.8817204301075
538.741935483871
539.6129032258065
540.483870967742
541.3333333333334
542.1720430107526
542.989247311828
547.25
548.0652173913044
548.8913043478261
549.6847826086956
550.4673913043479
551.2391304347826
551.9782608695652
552.7065217391304
553.4130434782609
554.1521739130435
554.9239130434783
555.7065217391304
556.5108695652174
557.2934782608696
558.0108695652174
552.7096774193549
553.4193548387096
554.1397849462365
554.8817204301075
555.6021505376344
556.3440860215054
557.0752688172043
557.8602150537635
558.5806451612904
559.3225806451613
560.0860215053764
560.9032258064516
561.7311827956989
562.5698924731183
563.4301075268817
564.2795698924731
565.1720430107526
566.1075268817204
567.0215053763441
567.9247311827957
568.8709677419355
569.7741935483871
570.6559139784946
571.5806451612904
572.5376344086021
573.516129032258
574.4731182795699
575.4086021505376
576.3440860215054
577.258064516129
578.2043010752689
579.1397849462365
580.0860215053764
581.0430107526881
582.0
582.9677419354839
583.9032258064516
584.763440860215
585.6021505376344
586.4193548387096
587.258064516129
588.1397849462365
589.0215053763441
589.9139784946236
590.7956989247311
585.3829787234042
586.2553191489362
587.1170212765958
587.9574468085107
588.8297872340426
589.6914893617021
584.3368421052631
585.2
586.0842105263158
586.9894736842106
587.8947368421053
588.8210526315789
589.7684210526315
590.6947368421053
591.6526315789474
592.5894736842105
593.5368421052632
594.4947368421052
595.4736842105264
596.4526315789474
597.4315789473684
598.4105263157895
599.3894736842105
600.3684210526316
601.3052631578947
602.2105263157895
603.1052631578947
604.021052631579
604.9263157894737
599.5208333333334
600.4270833333334
601.34375
602.2604166666666
596.9690721649484
597.8453608247422
598.7422680412371
593.5408163265306
594.4489795918367
589.3434343434343
584.35
579.4752475247525
580.3861386138614
570.0194174757281
570.9417475728155
560.9809523809524
561.8761904761905
557.4716981132076
553.1588785046729
548.9351851851852
544.8073394495412
535.8828828828829
532.0
528.1946902654868
519.9043478260869
516.3189655172414
512.7948717948718
513.7094017094017
510.26271186440675
488.13675213675214
484.90677966101697
485.8305084745763
486.7457627118644
485.63793103448273
486.57758620689657
487.5086206896552
484.8
485.74782608695654
486.69565217391306
487.6434782608696
484.9304347826087
485.8608695652174
486.7913043478261
487.7217391304348
488.1842105263158
489.0964912280702
488.9026548672566
489.8053097345133
490.6814159292035
491.56637168141594
493.74107142857144
494.6607142857143
496.2432432432432
