0
0
0
0
0
0
0
0
0
0
0
0
0
0
0
0
0
0
0
0
0
0
0
0
0
0
0
0
0
0
0
0
0
0
0
0
0
0
0
0
0
0
0
0
0
0
0
0
0
0
0
0
0
0
0
0
0
0
0
0
0
0
0
0
0
0
0
0
0
0
0
0
0
0
0
0
0
0
0
0
0
0
1
1
1
1
1
1
1
1
1
1
1
1
1
2
2
2
2
2
2
2
2
2
3
3
4
4
4
4
4
4
4
4
4
4
4
4
4
4
0
0
0
0
0
0
0
0
0
0
0
0
0
0
0
0
0
0
0
1
1
1
1
1
1
1
1
1
1
1
1
1
1
1
1
1
1
1
1
1
1
2
2
3
3
3
3
3
3
3
3
3
3
3
3
3
3
3
3
3
3
3
3
3
3
3
3
3
3
3
3
3
3
3
3
3
3
3
3
3
3
3
4
4
4
4
5
5
5
5
5
5
5
5
5
4
4
4
4
4
5
5
5
5
5
5
5
5
5
6
6
6
6
6
6
7
7
7
8
8
8
8
8
8
8
8
8
8
8
8
8
8
8
8
8
8
8
8
8
8
6
5
4
3
3
4
4
4
4
4
4
4
4
4
4
4
4
4
4
4
4
4
4
4
5
6
6
6
6
6
6
6
6
6
7
7
7
7
7
7
7
7
7
7
7
8
8
8
8
9
9
10
10
10
10
10
10
11
11
12
12
12
12
13
13
13
13
13
14
14
14
14
14
14
14
10
7
5
6
6
6
6
6
6
6
6
6
6
6
6
6
6
6
6
7
7
9
9
9
11
11
11
11
11
11
11
11
13
13
13
15
15
15
15
15
15
15
16
16
16
16
16
16
16
18
18
18
18
18
18
18
18
18
18
18
18
19
19
20
20
20
20
20
21
21
22
22
23
23
23
23
23
24
25
25
26
26
26
26
26
27
27
27
28
28
28
28
29
30
31
31
30
29
29
28
27
26
25
26
26
26
25
25
25
24
23
23
24
24
24
24
24
24
25
26
27
27
27
27
28
28
30
32
32
32
31
31
32
32
32
32
32
33
34
34
34
34
34
33
32
32
31
30
30
31
28
28
29
30
30
30
28
27
26
27
25
24
24
24
23
23
23
23
23
23
24
23
23
25
26
26
28
27
28
28
27
26
26
26
27
29
31
32
32
35
36
36
37
38
37
37
41
41
42
43
44
45
47
49
52
53
53
54
53
56
55
57
54
58
57
54
46
42
36
34
34
33
33
33
35
35
37
37
38
39
39
39
40
40
40
40
41
42
44
44
44
44
44
45
45
45
46
46
46
46
47
48
48
49
49
49
49
50
50
50
50
50
51
51
52
52
52
52
52
53
53
54
54
55
55
56
56
58
59
59
59
59
59
60
60
60
60
61
61
61
62
62
62
62
62
63
63
64
64
64
64
65
65
65
65
67
68
68
68
69
68
66
65
65
65
66
68
67
68
69
71
71
72
72
73
74
74
71
70
71
71
73
73
72
71
71
73
77
77
77
76
75
75
75
74
74
73
73
73
72
71
70
71
70
70
71
69
68
70
68
69
70
71
69
69
68
69
71
71
75
72
75
71
73
69
70
74
77
75
81
80
85
84
87
85
85
85
85
82
84
82
83
83
83
83
82
81
81
82
83
84
85
86
88
90
90
91
92
92
93
94
94
96
96
98
97
99
97
98
96
100
100
102
104
105
104
106
107
108
107
103
97
87
81
74
68
69
65
70
68
72
69
74
73
71
73
72
73
75
72
74
76
78
77
77
78
79
81
79
78
81
81
79
78
81
82
83
84
84
85
84
87
87
88
89
89
89
89
89
86
86
87
85
86
84
83
81
81
78
78
79
81
82
81
82
85
87
88
88
87
88
87
86
88
90
90
91
91
91
92
90
92
92
93
93
95
95
93
96
95
95
97
97
97
98
97
95
94
92
92
93
93
92
90
91
91
91
90
90
93
93
93
91
89
91
89
90
91
88
86
86
84
82
81
84
89
89
88
90
93
95
91
94
94
95
97
99
104
105
106
98
98
100
102
103
100
101
101
93
89
90
98
100
96
98
102
103
92
96
98
98
93
95
93
94
95
95
98
102
103
102
102
101
101
96
98
101
107
106
106
103
94
96
99
99
102
103
104
103
99
99
96
96
98
98
101
97
99
101
105
106
107
104
100
100
102
103
105
106
106
112
113
116
118
117
111
105
100
97
94
84
80
81
82
85
83
83
80
84
83
84
81
85
85
85
85
86
85
87
90
87
87
90
93
94
96
97
99
101
102
99
101
101
101
102
100
101
103
104
104
102
100
101
98
98
100
102
101
101
102
102
98
98
100
101
102
102
102
102
103
103
103
103
106
108
108
109
108
108
107
108
110
111
112
112
112
112
112
110
108
106
106
106
107
107
109
109
108
111
113
111
107
107
106
107
107
109
109
111
110
109
106
105
103
101
102
102
102
105
105
106
106
106
104
104
100
101
100
98
96
97
96
95
97
98
97
101
100
99
100
101
102
100
101
102
100
99
96
96
95
99
94
95
100
102
103
103
104
107
105
104
104
102
101
101
98
101
105
105
103
105
106
106
100
98
99
102
106
108
108
107
109
105
106
105
102
107
109
109
107
107
110
109
111
108
106
107
108
108
109
111
114
116
116
115
114
114
114
114
111
114
116
117
117
115
116
113
108
110
111
108
98
94
90
87
84
82
82
80
77
78
80
78
80
79
81
86
85
87
90
94
94
96
93
91
95
95
91
95
94
96
93
91
96
97
96
96
95
99
97
95
94
101
103
105
106
109
106
104
104
105
106
109
109
109
107
106
108
104
105
107
107
109
109
109
109
110
110
106
104
106
109
108
109
109
110
109
106
107
109
112
113
113
110
110
111
106
106
107
110
111
111
112
111
109
106
102
100
101
104
104
105
102
102
101
104
107
106
107
108
108
110
111
114
111
113
114
116
119
122
121
125
125
127
127
132
130
133
131
130
135
134
135
132
130
129
128
128
127
126
121
122
121
120
119
122
118
117
122
121
124
125
124
124
125
119
126
124
123
122
121
123
120
124
125
127
129
128
128
129
125
128
133
132
131
128
132
131
125
126
130
131
129
125
122
122
123
121
121
121
122
123
125
125
122
123
121
128
126
126
127
127
130
128
126
127
127
130
131
133
134
130
131
127
126
119
117
118
113
109
105
96
89
85
84
89
89
92
92
92
92
90
93
95
92
94
94
95
96
94
95
96
97
95
92
89
87
86
90
90
91
93
93
91
84
83
86
89
90
94
96
99
98
98
100
99
98
98
98
98
94
97
98
99
99
100
98
96
96
98
100
100
102
104
101
102
107
107
108
109
110
114
114
115
116
112
112
112
113
114
117
117
116
115
115
115
114
114
117
118
117
115
115
117
114
111
112
115
113
116
117
121
121
121
119
117
115
112
115
119
120
120
120
120
118
116
116
115
117
115
115
116
116
117
119
120
119
118
120
122
121
121
121
118
116
118
116
115
114
115
118
120
120
121
121
122
120
117
115
116
113
115
115
119
120
118
114
117
120
121
122
121
121
119
114
111
111
114
118
120
120
117
116
115
113
111
107
102
97
97
95
94
96
93
95
93
92
96
99
99
97
100
98
98
100
101
103
106
108
110
111
115
116
116
117
119
125
121
125
120
119
112
108
101
93
90
92
94
97
93
93
95
95
96
93
93
94
93
93
92
94
91
90
90
90
89
89
86
84
84
86
87
88
90
94
94
93
97
97
99
99
99
100
99
102
101
106
105
107
108
108
108
105
102
101
103
104
105
104
105
106
106
106
104
104
102
103
106
108
109
110
110
110
108
104
105
105
105
107
107
108
107
107
108
109
109
107
106
107
109
109
111
111
112
113
111
110
108
108
108
107
106
107
107
110
111
113
112
111
114
112
112
113
111
113
113
115
115
114
116
115
117
118
120
116
120
118
118
117
116
115
115
116
113
116
113
115
115
117
119
116
115
114
112
112
110
111
110
112
107
110
114
117
118
117
118
118
118
118
115
112
111
108
108
107
109
110
111
113
111
110
111
111
108
107
112
115
116
115
114
111
109
104
106
107
107
110
111
106
105
102
107
109
109
108
109
110
107
106
109
111
109
110
110
112
110
109
108
110
115
118
122
123
124
124
118
114
112
104
100
96
94
93
90
87
87
84
82
86
87
89
93
93
95
89
87
89
88
89
89
90
90
90
88
86
89
86
90
93
94
94
95
97
97
100
95
101
101
103
103
104
104
102
100
101
102
103
104
104
104
104
105
105
105
107
108
109
110
110
111
112
109
108
108
108
110
111
111
111
111
111
110
109
110
111
111
113
113
113
113
113
113
111
111
111
112
112
113
113
113
111
110
108
107
105
106
104
105
106
107
109
110
108
108
108
109
107
107
107
108
108
108
109
110
112
114
114
115
112
113
111
114
115
115
116
116
116
115
117
119
121
121
121
122
121
118
113
115
116
114
112
113
114
115
108
108
112
110
111
111
111
109
105
107
106
103
104
107
110
109
109
112
112
112
115
116
117
114
110
111
110
111
111
109
111
106
106
101
98
95
97
95
96
97
98
99
97
94
95
100
99
102
103
104
103
105
105
104
104
104
105
106
106
107
106
105
105
104
102
102
92
90
86
83
77
73
75
76
75
74
76
79
78
77
76
73
72
73
77
78
79
78
78
78
73
74
75
76
78
79
80
78
75
72
70
69
70
74
75
77
77
79
76
77
77
80
81
86
86
88
91
90
90
90
91
90
95
94
96
96
96
96
94
93
93
95
98
98
100
100
101
99
98
97
98
100
102
104
104
105
105
105
105
105
105
107
107
109
111
112
114
114
115
118
119
119
120
121
121
118
119
120
122
122
122
122
123
122
121
121
123
124
124
123
121
120
120
120
121
122
121
119
121
120
123
121
121
118
119
121
121
120
122
120
117
117
117
117
118
119
116
116
113
112
112
110
110
109
107
109
107
107
106
106
108
106
108
103
106
108
111
106
109
104
111
112
110
114
113
111
110
113
111
108
105
104
105
108
108
113
112
112
112
108
109
103
100
101
101
105
112
112
114
112
114
112
111
106
106
110
112
109
107
105
105
107
107
109
107
106
109
113
111
113
115
110
102
93
90
90
91
92
89
87
88
91
93
92
92
93
90
91
90
90
92
89
93
89
89
92
92
91
94
93
96
92
95
92
92
94
96
96
96
99
96
94
92
90
91
91
91
91
91
94
95
95
95
93
93
95
96
95
97
96
95
97
95
97
100
102
104
104
102
104
105
106
107
106
107
107
108
111
109
109
111
111
109
108
106
105
102
104
106
107
108
109
110
110
111
111
109
108
107
106
103
100
99
99
101
102
100
98
97
93
94
95
99
101
102
100
100
101
97
100
100
99
99
103
103
103
101
98
102
101
98
96
97
96
92
95
96
95
93
92
91
90
84
88
87
84
89
91
92
88
89
91
88
90
91
94
93
90
93
89
92
91
90
91
90
90
87
91
87
93
93
96
98
96
99
100
101
101
104
104
103
104
101
101
96
98
98
97
102
99
98
95
94
93
95
98
98
97
96
92
91
93
96
97
101
101
99
101
101
102
102
95
98
94
95
100
92
86
82
81
83
85
85
84
85
85
86
87
87
86
89
86
85
88
89
89
89
90
89
87
89
90
92
90
87
86
86
84
86
84
85
84
87
89
88
87
87
88
90
90
90
87
87
88
84
88
89
89
89
91
92
91
89
91
93
89
91
91
91
89
88
87
85
88
88
91
90
93
94
95
96
94
96
99
100
102
104
103
106
106
107
107
112
111
113
112
112
112
114
116
117
116
114
112
111
110
109
112
113
113
113
114
113
113
114
112
110
108
107
106
107
107
109
109
109
110
108
107
107
107
106
108
109
110
112
112
108
109
109
108
108
106
106
107
107
106
104
102
101
97
94
94
94
93
95
91
93
93
94
93
93
91
90
90
90
88
90
90
90
92
93
94
91
91
92
93
88
89
90
89
92
91
93
88
92
92
92
92
95
96
94
96
96
97
97
96
98
98
101
101
104
104
101
103
100
99
98
97
97
98
97
96
96
95
95
95
95
99
102
98
102
100
93
87
87
88
89
87
90
91
90
93
95
95
95
97
98
95
95
92
91
89
88
90
90
90
92
91
93
93
96
97
95
92
91
92
90
89
92
93
94
93
92
91
93
89
94
94
95
95
96
96
96
97
100
101
99
99
99
96
95
95
95
94
95
95
96
97
94
95
96
95
96
97
98
100
101
98
98
98
99
98
98
98
100
101
99
100
100
101
99
99
100
100
100
97
95
95
95
96
96
95
96
97
99
96
99
97
97
100
97
99
97
95
96
97
99
101
104
105
106
105
108
108
111
112
114
115
116
113
114
113
111
112
114
115
117
114
115
115
116
114
113
113
111
108
107
105
107
107
108
106
106
104
105
104
102
103
101
101
104
107
106
104
106
108
104
105
104
107
106
105
107
106
106
104
105
104
104
104
104
104
101
98
101
104
105
104
102
103
103
101
100
99
99
98
98
99
102
101
98
94
92
94
96
100
99
100
102
103
104
103
101
104
105
105
99
94
91
89
92
95
94
96
98
97
98
99
100
101
100
100
101
101
99
99
102
102
102
104
102
104
103
99
101
101
102
101
101
102
98
100
98
100
105
103
105
104
105
105
102
100
100
101
102
101
104
105
105
105
105
105
102
101
102
103
103
103
104
102
103
102
104
107
105
106
105
105
107
106
107
106
108
107
109
110
110
111
108
109
109
106
106
107
107
108
108
108
109
110
107
104
103
102
102
100
98
99
101
103
106
110
111
110
110
110
110
111
109
109
109
110
108
109
109
108
105
104
105
106
106
106
105
97
96
96
98
100
98
97
99
99
98
96
98
99
100
101
100
101
103
100
102
101
100
98
100
100
95
97
98
98
95
92
92
94
96
95
96
94
96
93
89
90
86
88
91
91
94
94
97
95
94
94
95
91
88
89
93
91
92
89
88
87
87
86
83
87
88
91
94
96
93
98
96
101
103
104
103
102
102
99
101
100
103
105
106
106
107
105
105
95
88
83
87
86
89
89
88
93
93
92
88
87
87
89
87
88
87
87
86
88
88
92
90
94
94
95
95
96
98
98
100
99
98
99
98
98
99
101
102
102
102
102
103
101
100
99
101
102
103
103
103
103
104
103
100
102
104
105
105
106
106
103
104
101
101
101
102
103
102
103
103
101
100
102
102
103
105
105
105
105
106
104
102
102
102
102
102
102
102
106
104
104
104
106
104
101
100
97
96
94
95
98
98
94
94
98
95
93
93
91
91
90
90
88
90
88
92
92
93
95
95
93
90
92
95
94
92
93
90
90
88
86
86
83
82
81
79
81
82
85
84
84
85
85
88
86
85
84
83
84
83
84
85
84
84
82
80
84
85
84
81
82
83
83
86
88
90
90
85
84
80
77
73
75
76
77
77
76
76
77
83
80
82
80
82
81
83
86
88
88
85
83
80
80
83
83
84
80
83
80
79
77
80
82
83
85
86
87
87
85
88
90
91
90
85
88
88
87
89
90
91
90
94
93
95
96
94
98
96
97
99
100
100
97
95
96
96
98
102
102
102
99
98
98
95
95
98
99
100
98
99
100
98
98
95
94
93
98
98
99
96
98
100
95
98
96
97
100
100
100
98
99
101
99
99
100
99
100
98
99
100
101
101
99
99
99
101
101
101
101
101
101
101
99
99
99
100
101
102
103
104
105
105
104
104
104
106
108
108
106
105
104
103
101
99
98
98
97
99
98
98
98
98
94
93
94
94
94
95
96
95
97
100
100
99
104
102
105
103
102
104
104
107
106
101
99
97
93
97
100
102
101
100
97
94
93
89
89
89
84
87
92
91
83
80
83
80
87
85
87
88
87
85
85
84
86
83
84
83
87
82
87
86
82
81
80
85
86
82
79
79
82
78
76
78
82
86
86
82
85
86
85
83
84
86
86
80
83
80
84
84
88
85
84
80
80
74
79
78
82
81
85
85
89
87
85
81
84
86
89
90
91
93
93
95
90
85
81
83
84
85
88
89
87
91
92
93
87
89
90
89
89
90
90
89
90
91
89
90
90
92
95
95
95
95
92
92
89
89
89
91
90
91
90
90
89
85
83
84
87
86
88
88
89
91
91
91
90
90
92
92
94
94
95
94
95
95
92
93
93
93
94
94
95
97
98
99
98
95
96
98
99
102
104
105
108
107
106
106
106
108
109
109
111
109
109
109
107
106
102
101
100
100
99
99
97
95
96
96
98
99
97
97
97
96
92
87
89
95
97
97
98
99
100
98
98
99
99
99
98
97
98
99
99
98
96
95
94
90
88
87
89
88
88
87
87
85
87
86
83
82
82
82
82
81
84
89
86
88
86
84
87
81
87
87
89
92
89
90
87
88
83
86
86
86
87
87
87
83
84
86
89
88
87
89
86
83
79
81
83
86
87
88
88
87
86
81
77
77
79
80
84
84
87
91
91
90
89
86
84
84
85
83
83
85
89
89
90
91
89
89
85
83
84
88
84
86
86
88
90
87
88
88
85
88
91
92
92
90
92
89
89
87
87
86
86
86
85
84
87
90
91
94
91
90
88
90
92
94
95
97
97
95
95
94
95
95
96
96
95
97
98
98
95
97
97
95
94
93
95
96
98
98
95
95
95
96
93
96
96
96
95
92
91
92
92
92
92
94
96
97
97
98
100
97
96
96
98
95
94
93
93
93
90
88
88
88
87
87
87
88
89
91
92
91
92
91
92
91
91
93
95
96
97
99
99
102
101
99
98
97
97
96
97
95
94
96
93
93
91
90
90
90
90
89
87
87
89
90
91
91
90
92
90
90
91
90
93
89
88
89
88
92
92
93
93
94
93
90
89
91
90
90
90
94
95
93
91
92
94
88
85
83
85
85
87
85
87
88
85
80
78
80
84
83
85
89
89
87
83
86
86
88
87
88
89
85
87
87
87
88
91
94
93
96
96
94
87
90
91
85
87
88
88
85
83
82
83
86
87
88
86
88
88
84
85
86
91
93
92
94
91
91
90
88
86
91
91
94
94
92
90
91
91
89
89
89
93
94
94
92
89
90
91
92
93
93
94
94
94
92
89
87
86
84
84
86
86
88
87
87
89
89
89
88
86
87
85
87
86
88
88
89
91
90
91
89
88
88
89
91
92
93
95
96
96
98
99
101
102
101
103
104
104
105
105
104
101
101
103
103
101
98
99
98
96
97
96
96
96
96
95
96
97
97
96
96
98
101
103
102
104
102
104
101
106
108
107
107
105
107
106
108
104
104
105
106
105
102
101
101
97
96
97
96
98
95
93
90
91
91
87
88
84
86
85
86
88
88
88
90
91
88
90
88
87
85
85
84
88
91
95
95
93
88
90
89
88
86
87
88
85
87
89
88
86
87
85
87
86
85
86
86
86
90
89
91
89
89
87
85
85
87
84
86
87
87
90
91
92
92
91
92
90
90
88
86
86
88
90
91
93
89
88
90
89
90
87
88
87
87
86
89
94
96
96
95
97
95
92
91
91
92
93
97
97
96
95
92
95
93
92
94
95
97
94
95
96
99
99
97
100
103
103
101
101
101
102
97
97
99
100
102
102
103
104
104
103
101
103
103
105
107
107
107
105
105
105
104
105
105
107
107
107
108
109
109
108
109
109
109
108
108
109
107
107
109
108
110
109
109
108
108
105
108
108
107
103
102
101
102
101
102
102
102
100
102
104
101
100
97
100
100
99
100
100
100
101
100
100
99
96
97
97
98
98
97
93
90
88
86
86
85
87
85
86
86
86
86
81
77
79
78
78
82
78
80
78
80
82
80
79
79
80
72
71
74
77
84
86
87
85
84
86
81
77
80
83
81
81
80
84
85
86
84
85
87
85
79
75
80
83
80
83
82
78
80
83
79
75
76
70
63
62
58
60
67
67
68
66
70
71
72
74
76
78
81
83
85
85
87
85
81
79
75
79
79
77
79
80
81
83
85
82
83
84
82
83
83
88
89
89
89
90
86
82
75
76
78
82
82
81
81
81
86
82
80
81
81
84
84
84
85
84
85
84
84
83
81
81
84
84
85
83
84
86
87
88
90
90
92
90
90
93
94
95
96
96
97
94
92
93
95
96
98
96
96
96
96
95
93
95
96
96
96
97
97
94
95
96
95
96
97
97
95
94
93
88
84
84
85
86
86
87
83
85
85
88
88
89
90
89
91
89
90
92
92
94
94
96
98
100
97
98
97
102
103
103
102
103
105
105
104
105
105
104
102
101
101
100
96
95
95
95
96
94
91
89
90
90
89
86
83
82
81
79
81
80
79
79
79
79
79
77
79
79
79
81
78
77
78
81
80
81
83
79
80
81
79
78
80
77
82
85
83
81
81
86
85
84
83
86
86
84
84
81
77
72
70
73
72
69
68
70
72
72
75
74
77
78
80
81
82
81
82
82
82
79
84
84
85
86
89
90
91
86
90
91
90
91
88
90
88
88
91
90
92
93
91
90
92
91
91
89
88
87
89
91
92
93
93
92
94
96
97
96
97
98
99
101
101
101
102
102
102
101
102
102
103
103
103
102
103
103
103
103
103
103
104
104
105
106
106
107
109
110
113
114
115
116
116
117
119
120
120
121
121
122
122
122
122
122
122
122
122
122
122
122
122
120
118
116
114
113
112
114
114
113
113
111
109
107
107
107
107
108
106
107
106
106
106
104
103
103
104
102
101
102
102
101
99
99
100
100
102
101
101
101
99
96
97
98
99
99
97
95
94
91
91
92
89
90
88
88
87
88
90
91
86
87
90
90
86
87
86
87
88
90
88
90
90
88
89
87
89
86
85
84
80
81
79
79
78
79
77
75
73
74
75
74
75
73
76
74
74
76
78
79
80
82
81
75
71
67
70
72
74
74
74
77
81
78
77
74
76
78
75
78
76
77
76
72
73
75
81
81
80
82
83
84
82
82
82
84
84
86
87
89
89
89
88
84
83
86
85
85
86
85
84
84
82
84
82
83
81
80
81
82
82
83
83
79
76
76
77
77
75
77
78
80
80
83
85
86
87
89
87
85
89
90
90
94
93
96
95
97
99
97
101
100
103
103
106
106
106
106
106
103
103
103
104
103
103
104
104
105
105
105
106
103
105
106
106
107
105
104
103
101
99
95
92
91
93
94
94
94
92
90
91
85
83
84
84
87
86
87
88
88
87
86
86
88
88
90
89
89
89
88
89
89
89
89
89
90
91
91
92
93
91
88
87
85
84
82
84
85
83
83
85
87
89
90
92
92
91
93
90
95
94
93
95
95
92
92
93
91
90
92
92
92
92
88
89
90
91
87
88
91
91
90
89
90
88
91
84
86
84
87
89
93
93
96
95
98
95
93
89
88
85
82
84
80
83
80
80
82
79
85
85
87
87
90
93
91
94
97
98
97
94
94
94
97
100
96
94
97
97
97
94
95
94
94
95
92
93
96
93
92
93
92
92
88
85
82
83
87
87
89
93
94
96
95
98
101
102
102
103
105
105
104
102
106
105
106
106
106
107
106
106
99
102
105
104
105
106
106
105
104
103
104
106
106
106
105
106
107
105
106
109
110
111
109
110
110
108
108
110
110
108
106
104
103
103
104
104
105
105
106
107
106
104
103
101
101
101
101
102
104
103
103
104
106
108
108
108
106
107
105
108
109
107
107
108
108
106
105
105
105
104
105
105
104
105
106
106
102
104
104
104
103
101
100
101
100
98
99
94
93
90
89
89
87
85
86
85
90
91
87
85
83
81
81
76
78
82
84
84
83
87
85
82
84
87
86
87
87
85
86
87
86
88
84
84
78
71
76
77
79
79
82
83
80
81
81
79
78
76
77
75
76
73
72
71
68
67
65
68
71
72
74
72
66
65
66
67
69
67
69
68
73
67
69
71
76
77
78
80
79
83
87
85
84
88
84
82
86
89
91
89
87
87
85
88
87
88
89
89
90
87
80
78
76
78
82
82
83
82
82
82
81
79
82
81
81
82
84
86
86
88
90
88
91
89
90
91
93
93
93
93
93
93
89
86
85
87
86
86
87
88
88
89
85
87
89
89
89
90
92
92
93
95
96
94
95
96
97
99
99
101
102
103
104
104
107
107
108
107
109
108
110
109
108
110
109
109
109
108
107
107
107
104
104
103
102
99
100
101
103
104
