0
0
0
0
0
0
0
0
0
0
0
0
0
0
0
0
0
0
0
0
0
0
0
0
0
0
0
0
0
0
0
0
0
0
0
0
0
0
0
0
0
0
0
0
0
0
0
0
0
0
0
0
0
0
0
0
0
0
0
0
0
0
0
0
0
0
0.0
0.0
0.0
0.0
0.0
0.0
0.0
0.0
0.0
0.0
0.0
0.0
0.0
0.0
0.0
0.0
-1.0
-1.0
-1.0
-1.0
-1.0
-1.0
-1.0
-1.0
-1.0
-1.0
-1.0
-1.0
-1.0
-2.0
-2.0
-2.0
-2.0
-2.0
-2.0
-2.0
-2.0
-2.0
-3.0
-3.0
-4.0
-4.0
-4.0
-4.0
-4.0
-4.0
-4.0
-4.0
-4.0
-4.0
-4.0
-4.0
-4.0
-4.0
0.0
93.0
0.0
0.0
0.0
0.0
0.0
0.0
0.0
0.0
0.0
0.0
0.0
0.0
0.0
0.0
0.0
0.0
0.0
-1.0
-1.0
-1.0
-1.0
-1.0
-1.0
-1.0
-1.0
-1.0
-1.0
-1.0
-1.0
-1.0
-1.0
-1.0
-1.0
-1.0
-1.0
-1.0
-1.0
-1.0
-1.0
-2.0
-2.0
-3.0
-3.0
-3.0
-3.0
-3.0
-3.0
-3.0
-3.0
-3.0
-3.0
-3.0
-3.0
-3.0
-3.0
-3.0
-3.0
-3.0
-3.0
-3.0
-3.0
-3.0
-3.0
-3.0
-3.0
-3.0
-3.0
-3.0
-3.0
-3.0
-3.0
-3.0
-3.0
-3.0
-3.0
-3.0
-3.0
-3.0
-3.0
-3.0
-4.0
-4.0
-4.0
-4.0
-5.0
-5.0
-5.0
-5.0
-5.0
-5.0
-5.0
-5.0
-5.0
-4.0
9.0
-4.0
-4.0
-4.0
-5.0
-5.0
-5.0
-5.0
-5.0
-5.0
-5.0
-5.0
-5.0
-6.0
-6.0
-6.0
-6.0
-6.0
-6.0
-7.0
-7.0
-7.0
-8.0
-8.0
-8.0
-8.0
-8.0
-8.0
-8.0
-8.0
-8.0
-8.0
-8.0
-8.0
-8.0
-8.0
-8.0
-8.0
-8.0
-8.0
-8.0
-8.0
-8.0
-8.0
-6.0
170.0
-4.0
-3.0
-3.0
96.0
-4.0
-4.0
95.0
-4.0
-4.0
24.0
-4.0
22.0
-4.0
-4.0
-4.0
-4.0
-4.0
-4.0
-4.0
-4.0
-4.0
-4.0
-5.0
-6.0
-6.0
-6.0
-6.0
-6.0
-6.0
-6.0
-6.0
-6.0
-7.0
-7.0
-7.0
-7.0
-7.0
-7.0
-7.0
-7.0
-7.0
-7.0
-7.0
-8.0
-8.0
-8.0
-8.0
-9.0
-9.0
-10.0
-10.0
-10.0
-10.0
-10.0
-10.0
-11.0
-11.0
-12.0
-12.0
-12.0
-12.0
-13.0
-13.0
-13.0
-13.0
-13.0
-14.0
-14.0
-14.0
-14.0
-14.0
-14.0
-14.0
-10.0
335.0
-5.0
-6.0
-6.0
82.0
-6.0
-6.0
26.0
-6.0
-6.0
-6.0
-6.0
-6.0
-6.0
-6.0
-6.0
-6.0
-6.0
-7.0
-7.0
-9.0
-9.0
-9.0
-11.0
-11.0
-11.0
-11.0
-11.0
-11.0
-11.0
-11.0
-13.0
-13.0
-13.0
-15.0
-15.0
-15.0
-15.0
-15.0
-15.0
-15.0
-16.0
-16.0
-16.0
-16.0
-16.0
-16.0
-16.0
-18.0
-18.0
-18.0
-18.0
-18.0
-18.0
-18.0
-18.0
-18.0
-18.0
-18.0
-18.0
-19.0
-19.0
-20.0
-20.0
-20.0
-20.0
-20.0
-21.0
-21.0
-22.0
-22.0
-23.0
-23.0
-23.0
-23.0
-23.0
-24.0
-25.0
-25.0
-26.0
-26.0
-26.0
-26.0
-26.0
-27.0
-27.0
-27.0
-28.0
-28.0
-28.0
-28.0
-29.0
-30.0
-31.0
-31.0
199.0
-29.0
-29.0
-28.0
166.0
-26.0
-25.0
-26.0
68.0
-26.0
54.0
-25.0
-25.0
54.0
-23.0
53.0
-24.0
42.0
-24.0
8.0
-24.0
8.0
-25.0
2.0
-27.0
-1.0
-27.0
-8.0
-28.0
-14.0
-30.0
-18.0
-32.0
-29.0
-19.0
-31.0
-32.0
-32.0
-32.0
-32.0
-32.0
-33.0
-34.0
-34.0
-34.0
136.0
-34.0
-33.0
-32.0
133.0
-31.0
-30.0
-30.0
118.0
-28.0
-28.0
93.0
-30.0
-30.0
-30.0
-27.0
-27.0
95.0
-27.0
-25.0
-24.0
-17.0
-24.0
-23.0
-23.0
-18.0
-23.0
-23.0
93.0
-24.0
90.0
-23.0
-25.0
-26.0
-26.0
-28.0
-27.0
-28.0
79.0
-27.0
42.0
91.0
-26.0
-27.0
-29.0
-31.0
23.0
-32.0
-35.0
-8.0
-36.0
-37.0
-38.0
-16.0
-37.0
-35.0
-41.0
-42.0
-43.0
-44.0
-45.0
-47.0
-49.0
-52.0
-53.0
-53.0
-54.0
-53.0
-56.0
-55.0
-57.0
-54.0
-58.0
-57.0
-54.0
565.0
-42.0
-36.0
-34.0
422.0
-33.0
-33.0
243.0
9.0
51.0
45.0
-37.0
47.0
-39.0
-26.0
-39.0
-40.0
-40.0
-40.0
-40.0
-41.0
-42.0
-44.0
-44.0
-44.0
-44.0
-44.0
-45.0
-45.0
-45.0
-46.0
-46.0
-46.0
-46.0
-47.0
-48.0
-48.0
-49.0
-49.0
-49.0
-49.0
-50.0
-50.0
-50.0
-50.0
-50.0
-51.0
-51.0
-52.0
-52.0
-52.0
-52.0
-52.0
-53.0
-53.0
-54.0
-54.0
-55.0
-55.0
-56.0
-56.0
-58.0
-59.0
-59.0
-59.0
-59.0
-59.0
-60.0
-60.0
-60.0
-60.0
-61.0
-61.0
-61.0
-62.0
-62.0
-62.0
-62.0
-62.0
-63.0
-63.0
-64.0
-64.0
-64.0
-64.0
-65.0
-65.0
-65.0
-65.0
-67.0
-68.0
-68.0
-68.0
-69.0
-68.0
217.0
-65.0
-65.0
-65.0
197.0
-68.0
-67.0
162.0
-69.0
-71.0
-1.0
-72.0
-68.0
-73.0
65.0
-60.0
-71.0
-70.0
-71.0
-70.0
-73.0
-73.0
64.0
-71.0
-71.0
-48.0
-77.0
68.0
-77.0
-76.0
-75.0
-75.0
-75.0
-74.0
-52.0
-73.0
60.0
-73.0
-72.0
-48.0
-70.0
-64.0
-70.0
-70.0
-71.0
234.0
-68.0
-70.0
-68.0
190.0
-70.0
-71.0
184.0
-69.0
-68.0
-69.0
86.0
-71.0
-75.0
-72.0
101.0
-71.0
-73.0
-69.0
177.0
-74.0
-77.0
-75.0
74.0
60.0
-85.0
157.0
47.0
38.0
159.0
-85.0
-85.0
-82.0
-84.0
89.0
168.0
-83.0
167.0
-83.0
-82.0
74.0
-81.0
-82.0
-83.0
-1.0
-85.0
-86.0
-66.0
-90.0
-90.0
-91.0
-89.0
-92.0
-93.0
-94.0
-94.0
-96.0
-96.0
-98.0
-97.0
-99.0
-97.0
-98.0
-96.0
-100.0
-100.0
-102.0
-104.0
-105.0
-104.0
-106.0
-107.0
-108.0
-107.0
-103.0
537.0
-87.0
-81.0
-74.0
454.0
-69.0
-65.0
254.0
6.0
46.0
50.0
-44.0
67.0
-8.0
-21.0
-14.0
-73.0
-17.0
-72.0
-72.0
-76.0
-78.0
-77.0
-77.0
-78.0
-79.0
-81.0
-79.0
-78.0
-81.0
-81.0
-79.0
-78.0
-81.0
-82.0
-83.0
-84.0
-84.0
-85.0
-84.0
-87.0
-87.0
-88.0
-89.0
-89.0
-89.0
-89.0
-89.0
-86.0
-86.0
-87.0
-85.0
-86.0
-84.0
-83.0
-81.0
-81.0
-78.0
-78.0
-79.0
-81.0
-82.0
-81.0
-82.0
-85.0
-87.0
-88.0
-88.0
-87.0
-88.0
-87.0
-86.0
-88.0
-90.0
-90.0
-91.0
-91.0
-91.0
-92.0
-90.0
-92.0
-92.0
-93.0
-93.0
-95.0
-95.0
-93.0
-96.0
-95.0
-95.0
-97.0
-97.0
-97.0
-98.0
73.0
64.0
-94.0
-92.0
-92.0
75.0
-93.0
-92.0
218.0
-91.0
-91.0
-91.0
69.0
-90.0
214.0
-93.0
-93.0
-91.0
-89.0
66.0
-89.0
80.0
-91.0
-88.0
-86.0
-86.0
18.0
-82.0
16.0
-84.0
-1.0
-89.0
-88.0
22.0
-93.0
-95.0
-91.0
-94.0
-94.0
224.0
-97.0
209.0
-104.0
196.0
-106.0
-98.0
184.0
-100.0
-102.0
-103.0
181.0
-101.0
-101.0
-93.0
156.0
-90.0
-98.0
-100.0
179.0
-98.0
-102.0
178.0
-92.0
-96.0
-98.0
154.0
-93.0
-95.0
7.0
191.0
-95.0
-95.0
-98.0
275.0
-103.0
179.0
-102.0
-101.0
-101.0
170.0
-98.0
-101.0
-107.0
-106.0
-106.0
145.0
41.0
-96.0
-99.0
-99.0
6.0
-103.0
-104.0
-38.0
-92.0
-99.0
-96.0
-96.0
157.0
-98.0
-101.0
-97.0
-99.0
-101.0
-105.0
-106.0
-107.0
-104.0
-95.0
-100.0
-102.0
-103.0
-105.0
-106.0
-106.0
-112.0
-113.0
136.0
-118.0
-117.0
7.0
318.0
-100.0
-97.0
-94.0
299.0
-80.0
-81.0
95.0
15.0
-83.0
90.0
-80.0
-40.0
-63.0
-74.0
-68.0
-85.0
-82.0
-85.0
-85.0
-86.0
-85.0
-87.0
-90.0
-87.0
-87.0
-90.0
-93.0
-94.0
-96.0
-97.0
-99.0
-101.0
-102.0
-99.0
-101.0
-101.0
-101.0
-102.0
-100.0
-101.0
-103.0
-104.0
-104.0
-102.0
-100.0
-101.0
-98.0
-98.0
-100.0
-102.0
-101.0
-101.0
-102.0
-102.0
-98.0
-98.0
-100.0
-101.0
-102.0
-102.0
-102.0
-102.0
-103.0
-103.0
-103.0
-103.0
-106.0
-108.0
-108.0
-109.0
-108.0
-108.0
-107.0
-108.0
-110.0
-111.0
-112.0
-112.0
-112.0
-112.0
-112.0
-110.0
-108.0
-106.0
-106.0
-106.0
-107.0
-107.0
-109.0
-109.0
-108.0
-111.0
-113.0
-111.0
479.0
-107.0
-106.0
-107.0
620.0
-109.0
-109.0
-111.0
83.0
-109.0
-106.0
-105.0
365.0
-99.0
91.0
-102.0
-102.0
137.0
155.0
-106.0
160.0
-106.0
-104.0
-104.0
-100.0
-101.0
244.0
-98.0
176.0
-97.0
78.0
148.0
-97.0
-98.0
105.0
145.0
125.0
-99.0
380.0
-101.0
73.0
-100.0
-101.0
-102.0
-95.0
518.0
-96.0
-96.0
-95.0
331.0
-94.0
-95.0
307.0
-102.0
-103.0
288.0
728.0
-107.0
-105.0
345.0
-104.0
-102.0
381.0
-101.0
-98.0
-101.0
301.0
-99.0
-103.0
284.0
-106.0
-106.0
-100.0
301.0
-99.0
-102.0
-106.0
279.0
-108.0
-107.0
534.0
-105.0
286.0
-105.0
-102.0
63.0
-92.0
-109.0
-107.0
-39.0
-107.0
-109.0
-50.0
-108.0
-106.0
-62.0
-88.0
-108.0
-109.0
-111.0
-114.0
-105.0
-116.0
-115.0
-107.0
-114.0
-114.0
-114.0
-111.0
-114.0
-116.0
-117.0
-117.0
-115.0
-116.0
-113.0
-108.0
-110.0
-111.0
-108.0
530.0
-94.0
-90.0
-87.0
342.0
25.0
-82.0
90.0
128.0
-78.0
147.0
-78.0
-6.0
28.0
-26.0
-37.0
-85.0
-58.0
-90.0
-94.0
-94.0
-96.0
-93.0
-91.0
-95.0
-95.0
-91.0
-95.0
-94.0
-96.0
-93.0
-91.0
-96.0
-97.0
-96.0
-96.0
-95.0
-99.0
-97.0
-95.0
-94.0
-101.0
-103.0
-105.0
-106.0
-109.0
-106.0
-104.0
-104.0
-105.0
-106.0
-109.0
-109.0
-109.0
-107.0
-106.0
-108.0
-104.0
-105.0
-107.0
-107.0
-109.0
-109.0
-109.0
-109.0
-110.0
-110.0
-106.0
-104.0
-106.0
-109.0
-108.0
-109.0
-109.0
-110.0
-109.0
-106.0
-107.0
-109.0
-112.0
-113.0
-113.0
-110.0
-110.0
-111.0
-106.0
-106.0
-107.0
-110.0
-111.0
-111.0
-112.0
-111.0
-109.0
-105.0
887.0
-100.0
-101.0
-104.0
877.0
-105.0
-102.0
531.0
-101.0
-104.0
253.0
-106.0
-107.0
247.0
-108.0
-110.0
426.0
-114.0
-111.0
-113.0
495.0
-116.0
147.0
-122.0
-121.0
-125.0
246.0
-119.0
-127.0
-132.0
-130.0
127.0
-131.0
-130.0
134.0
251.0
-135.0
277.0
-125.0
-129.0
-128.0
-128.0
156.0
503.0
-117.0
439.0
-121.0
-120.0
-119.0
508.0
-118.0
-117.0
-122.0
414.0
-124.0
-125.0
689.0
-124.0
-125.0
-119.0
285.0
-124.0
-123.0
277.0
-121.0
420.0
-120.0
493.0
145.0
-127.0
283.0
-128.0
-128.0
-129.0
-125.0
423.0
-133.0
446.0
-131.0
-128.0
-132.0
409.0
-125.0
-126.0
-130.0
173.0
-129.0
-125.0
-122.0
148.0
-123.0
-121.0
132.0
-121.0
-122.0
93.0
-125.0
-125.0
82.0
-123.0
24.0
-128.0
-126.0
14.0
-127.0
-31.0
-130.0
-46.0
-126.0
-49.0
-127.0
-68.0
-131.0
-133.0
-117.0
-130.0
-131.0
-127.0
-126.0
0.0
433.0
-118.0
-113.0
-109.0
365.0
-5.0
-89.0
333.0
-4.0
-18.0
181.0
-30.0
135.0
-14.0
11.0
-1.0
-63.0
-34.0
-57.0
-60.0
-89.0
-88.0
-96.0
-94.0
-95.0
-96.0
-97.0
-95.0
-92.0
-89.0
-87.0
-86.0
-90.0
-90.0
-91.0
-93.0
-93.0
-91.0
-84.0
-83.0
-86.0
-89.0
-90.0
-94.0
-96.0
-99.0
-98.0
-98.0
-100.0
-99.0
-98.0
-98.0
-98.0
-98.0
-94.0
-97.0
-98.0
-99.0
-99.0
-100.0
-98.0
-96.0
-96.0
-98.0
-100.0
-100.0
-102.0
-104.0
-101.0
-102.0
-107.0
-107.0
-108.0
-109.0
-110.0
-114.0
-114.0
-115.0
-116.0
-112.0
-112.0
-112.0
-113.0
-114.0
-117.0
-117.0
-116.0
-115.0
-115.0
-115.0
-114.0
-114.0
-117.0
-118.0
-116.0
761.0
-115.0
-117.0
-114.0
784.0
-112.0
-115.0
321.0
-116.0
-117.0
327.0
-121.0
-121.0
328.0
-117.0
-115.0
-112.0
320.0
-119.0
317.0
-120.0
-120.0
-120.0
-118.0
247.0
-116.0
-115.0
210.0
-115.0
-115.0
-116.0
141.0
-117.0
80.0
-120.0
-119.0
-118.0
-120.0
-122.0
175.0
-121.0
-121.0
-118.0
700.0
-118.0
584.0
-115.0
-114.0
-115.0
474.0
-120.0
-120.0
475.0
-121.0
-122.0
584.0
-117.0
650.0
-116.0
-113.0
-115.0
-115.0
480.0
485.0
-118.0
-114.0
494.0
-120.0
-121.0
1073.0
-121.0
915.0
-116.0
-114.0
-111.0
-111.0
500.0
-118.0
904.0
-120.0
-117.0
360.0
-115.0
-113.0
318.0
243.0
-94.0
-97.0
-97.0
66.0
70.0
-96.0
146.0
-95.0
-93.0
505.0
-96.0
-99.0
61.0
-85.0
-1.0
-98.0
-98.0
-13.0
-97.0
-16.0
-106.0
-21.0
-110.0
-42.0
-115.0
-55.0
-116.0
211.0
-119.0
-125.0
-64.0
-103.0
-120.0
0.0
375.0
-108.0
-101.0
-93.0
337.0
-92.0
-94.0
235.0
-43.0
-93.0
151.0
-95.0
-42.0
-46.0
-75.0
-94.0
-93.0
-93.0
-92.0
-94.0
-91.0
-90.0
-90.0
-90.0
-89.0
-89.0
-86.0
-84.0
-84.0
-86.0
-87.0
-88.0
-90.0
-94.0
-94.0
-93.0
-97.0
-97.0
-99.0
-99.0
-99.0
-100.0
-99.0
-102.0
-101.0
-106.0
-105.0
-107.0
-108.0
-108.0
-108.0
-105.0
-102.0
-101.0
-103.0
-104.0
-105.0
-104.0
-105.0
-106.0
-106.0
-106.0
-104.0
-104.0
-102.0
-103.0
-106.0
-108.0
-109.0
-110.0
-110.0
-110.0
-108.0
-104.0
-105.0
-105.0
-105.0
-107.0
-107.0
-108.0
-107.0
-107.0
-108.0
-109.0
-109.0
-107.0
-106.0
-107.0
-109.0
-109.0
-111.0
-111.0
-112.0
-113.0
-111.0
895.0
-108.0
-108.0
-108.0
726.0
-106.0
-107.0
666.0
-110.0
-111.0
257.0
-112.0
-111.0
111.0
-112.0
366.0
-113.0
367.0
-113.0
-113.0
-115.0
118.0
-114.0
117.0
-115.0
-117.0
-118.0
367.0
-116.0
-120.0
118.0
-118.0
-117.0
-116.0
-115.0
379.0
-116.0
123.0
-116.0
-113.0
-115.0
383.0
-117.0
-119.0
-116.0
508.0
-114.0
-112.0
-112.0
484.0
-108.0
487.0
-112.0
-107.0
-110.0
475.0
1082.0
-118.0
794.0
-118.0
-118.0
-118.0
312.0
-115.0
-112.0
319.0
-108.0
-108.0
498.0
-109.0
-110.0
338.0
-113.0
-111.0
-110.0
340.0
310.0
-108.0
311.0
-112.0
322.0
1064.0
-115.0
503.0
-111.0
79.0
-59.0
-106.0
-107.0
-107.0
59.0
-111.0
-106.0
55.0
-102.0
-107.0
8.0
-109.0
-83.0
-109.0
-110.0
-107.0
-106.0
-109.0
355.0
-109.0
-110.0
166.0
-112.0
-110.0
-109.0
-108.0
-110.0
-115.0
-118.0
-122.0
-123.0
-124.0
-124.0
-118.0
538.0
-112.0
-104.0
-100.0
425.0
-94.0
-93.0
337.0
-87.0
-26.0
146.0
-82.0
50.0
-69.0
-78.0
-52.0
-93.0
-82.0
-89.0
-87.0
-89.0
-88.0
-89.0
-89.0
-90.0
-90.0
-90.0
-88.0
-86.0
-89.0
-86.0
-90.0
-93.0
-94.0
-94.0
-95.0
-97.0
-97.0
-100.0
-95.0
-101.0
-101.0
-103.0
-103.0
-104.0
-104.0
-102.0
-100.0
-101.0
-102.0
-103.0
-104.0
-104.0
-104.0
-104.0
-105.0
-105.0
-105.0
-107.0
-108.0
-109.0
-110.0
-110.0
-111.0
-112.0
-109.0
-108.0
-108.0
-108.0
-110.0
-111.0
-111.0
-111.0
-111.0
-111.0
-110.0
-109.0
-110.0
-111.0
-111.0
-113.0
-113.0
-113.0
-113.0
-113.0
-113.0
-111.0
-111.0
-111.0
-112.0
-112.0
-113.0
-113.0
-113.0
459.0
293.0
-108.0
-107.0
-105.0
566.0
-103.0
-105.0
-106.0
382.0
-109.0
-110.0
327.0
843.0
-108.0
-109.0
415.0
-107.0
-107.0
334.0
-108.0
327.0
-109.0
-110.0
1088.0
-114.0
-114.0
-115.0
330.0
-113.0
-111.0
319.0
-115.0
307.0
-116.0
389.0
-116.0
-115.0
115.0
-119.0
-121.0
-121.0
-121.0
915.0
-121.0
-118.0
930.0
-115.0
-116.0
-114.0
678.0
-113.0
-114.0
109.0
-108.0
-108.0
232.0
-110.0
-111.0
-111.0
313.0
-109.0
-105.0
236.0
-106.0
-103.0
238.0
-107.0
-110.0
-109.0
533.0
-112.0
137.0
213.0
-115.0
-116.0
117.0
130.0
-110.0
-111.0
1266.0
-111.0
534.0
-109.0
-111.0
-106.0
141.0
-101.0
-98.0
-95.0
7.0
-95.0
-96.0
293.0
-98.0
-99.0
-72.0
-94.0
235.0
-100.0
159.0
-102.0
-103.0
148.0
-103.0
144.0
-105.0
-104.0
495.0
-104.0
-105.0
-106.0
-106.0
-107.0
-106.0
-105.0
-105.0
-104.0
-102.0
-102.0
-92.0
578.0
-86.0
-83.0
-77.0
544.0
-75.0
-76.0
421.0
-74.0
-76.0
258.0
-78.0
76.0
-46.0
-47.0
-66.0
-73.0
-77.0
-78.0
-79.0
-78.0
-78.0
-78.0
-73.0
-74.0
-75.0
-76.0
-78.0
-79.0
-80.0
-78.0
-75.0
-72.0
-70.0
-69.0
-70.0
-74.0
-75.0
-77.0
-77.0
-79.0
-76.0
-77.0
-77.0
-80.0
-81.0
-86.0
-86.0
-88.0
-91.0
-90.0
-90.0
-90.0
-91.0
-90.0
-95.0
-94.0
-96.0
-96.0
-96.0
-96.0
-94.0
-93.0
-93.0
-95.0
-98.0
-98.0
-100.0
-100.0
-101.0
-99.0
-98.0
-97.0
-98.0
-100.0
-102.0
-104.0
-104.0
-105.0
-105.0
-105.0
-105.0
-105.0
-105.0
-107.0
-107.0
-109.0
-111.0
-112.0
-114.0
-114.0
-115.0
-118.0
-119.0
-119.0
484.0
-121.0
-121.0
-118.0
283.0
-120.0
-122.0
-122.0
126.0
-122.0
-123.0
381.0
-121.0
-121.0
938.0
-124.0
-124.0
-123.0
387.0
-120.0
-120.0
-120.0
493.0
-122.0
-121.0
-119.0
144.0
-120.0
-123.0
-121.0
392.0
-118.0
398.0
-121.0
-121.0
-120.0
-122.0
156.0
-117.0
311.0
-117.0
-117.0
1306.0
-119.0
1429.0
308.0
-113.0
-112.0
-112.0
989.0
-110.0
314.0
-107.0
-109.0
-107.0
664.0
-106.0
-106.0
-108.0
311.0
-108.0
-103.0
888.0
-108.0
-111.0
-106.0
234.0
-104.0
-111.0
231.0
-110.0
-114.0
-113.0
-111.0
126.0
-113.0
401.0
-108.0
-105.0
-104.0
242.0
-108.0
-108.0
-113.0
-112.0
161.0
-112.0
-108.0
-109.0
3.0
-100.0
-101.0
4.0
-105.0
-112.0
-26.0
-114.0
200.0
-114.0
-112.0
-111.0
-106.0
-106.0
-110.0
-112.0
-109.0
-107.0
-105.0
-105.0
-107.0
-107.0
-109.0
-107.0
-106.0
-109.0
-113.0
-111.0
-113.0
-115.0
-110.0
493.0
-93.0
-90.0
-90.0
315.0
-92.0
-89.0
172.0
-42.0
-55.0
47.0
-73.0
-62.0
-93.0
-90.0
-91.0
-90.0
-90.0
-92.0
-89.0
-93.0
-89.0
-89.0
-92.0
-92.0
-91.0
-94.0
-93.0
-96.0
-92.0
-95.0
-92.0
-92.0
-94.0
-96.0
-96.0
-96.0
-99.0
-96.0
-94.0
-92.0
-90.0
-91.0
-91.0
-91.0
-91.0
-91.0
-94.0
-95.0
-95.0
-95.0
-93.0
-93.0
-95.0
-96.0
-95.0
-97.0
-96.0
-95.0
-97.0
-95.0
-97.0
-100.0
-102.0
-104.0
-104.0
-102.0
-104.0
-105.0
-106.0
-107.0
-106.0
-107.0
-107.0
-108.0
-111.0
-109.0
-109.0
-111.0
-111.0
-109.0
-108.0
-106.0
-105.0
-102.0
-104.0
-106.0
-107.0
-108.0
-109.0
-110.0
-110.0
-111.0
-111.0
-109.0
1257.0
-107.0
-106.0
-103.0
347.0
-99.0
-99.0
585.0
-102.0
-100.0
577.0
501.0
-93.0
-94.0
504.0
-99.0
352.0
-102.0
-100.0
-100.0
-101.0
353.0
-100.0
361.0
-99.0
-99.0
-103.0
273.0
-103.0
272.0
-98.0
-102.0
-101.0
-98.0
626.0
-97.0
-96.0
-92.0
-95.0
466.0
1316.0
-93.0
-92.0
-91.0
-90.0
397.0
-88.0
-87.0
-84.0
636.0
-91.0
1630.0
-88.0
-89.0
-91.0
-88.0
331.0
-91.0
-94.0
-93.0
392.0
-93.0
-89.0
318.0
-91.0
-90.0
398.0
-90.0
808.0
-87.0
-91.0
-87.0
-93.0
331.0
606.0
-98.0
-96.0
-99.0
246.0
-101.0
-101.0
-104.0
330.0
-103.0
-104.0
220.0
-101.0
-96.0
-98.0
139.0
-97.0
-102.0
-59.0
-98.0
-95.0
-89.0
-93.0
-95.0
-98.0
-98.0
-97.0
-96.0
353.0
-91.0
-93.0
-96.0
-97.0
-101.0
-101.0
-99.0
-101.0
-101.0
-102.0
-102.0
-95.0
-98.0
-94.0
-95.0
-100.0
-92.0
528.0
-82.0
-81.0
-83.0
209.0
-25.0
-51.0
-20.0
-40.0
-86.0
-33.0
-87.0
-86.0
-89.0
-86.0
-85.0
-88.0
-89.0
-89.0
-89.0
-90.0
-89.0
-87.0
-89.0
-90.0
-92.0
-90.0
-87.0
-86.0
-86.0
-84.0
-86.0
-84.0
-85.0
-84.0
-87.0
-89.0
-88.0
-87.0
-87.0
-88.0
-90.0
-90.0
-90.0
-87.0
-87.0
-88.0
-84.0
-88.0
-89.0
-89.0
-89.0
-91.0
-92.0
-91.0
-89.0
-91.0
-93.0
-89.0
-91.0
-91.0
-91.0
-89.0
-88.0
-87.0
-85.0
-88.0
-88.0
-91.0
-90.0
-93.0
-94.0
-95.0
-96.0
-94.0
-96.0
-99.0
-100.0
-102.0
-104.0
-103.0
-106.0
-106.0
-107.0
-107.0
-112.0
-111.0
-113.0
-112.0
-112.0
-112.0
-114.0
-116.0
-117.0
-116.0
1035.0
-112.0
-111.0
1470.0
307.0
-112.0
602.0
308.0
-113.0
-114.0
310.0
-113.0
-114.0
-112.0
308.0
-108.0
-107.0
-106.0
-107.0
344.0
-109.0
337.0
-109.0
-110.0
-108.0
747.0
-101.0
-107.0
333.0
-108.0
-109.0
-110.0
319.0
-112.0
352.0
-109.0
-109.0
331.0
-108.0
256.0
-106.0
-107.0
-107.0
1674.0
-104.0
2283.0
-101.0
-97.0
-94.0
516.0
-94.0
-93.0
349.0
-91.0
-93.0
345.0
353.0
-93.0
354.0
370.0
-90.0
349.0
798.0
-88.0
807.0
-90.0
-90.0
363.0
-93.0
-94.0
365.0
-91.0
-92.0
356.0
-88.0
-89.0
353.0
-89.0
352.0
-91.0
344.0
-88.0
-92.0
371.0
-92.0
-6.0
-95.0
42.0
-94.0
-18.0
-96.0
-97.0
-97.0
-96.0
-98.0
-98.0
-101.0
-101.0
-104.0
-104.0
-101.0
366.0
-100.0
-99.0
-98.0
-97.0
-97.0
-98.0
-97.0
-96.0
-96.0
-95.0
-95.0
-95.0
-95.0
-99.0
-102.0
-98.0
-102.0
-100.0
550.0
-87.0
-87.0
-88.0
119.0
-87.0
-90.0
-68.0
-90.0
-93.0
-95.0
-95.0
-95.0
-97.0
-98.0
-95.0
-95.0
-92.0
-91.0
-89.0
-88.0
-90.0
-90.0
-90.0
-92.0
-91.0
-93.0
-93.0
-96.0
-97.0
-95.0
-92.0
-91.0
-92.0
-90.0
-89.0
-92.0
-93.0
-94.0
-93.0
-92.0
-91.0
-93.0
-89.0
-94.0
-94.0
-95.0
-95.0
-96.0
-96.0
-96.0
-97.0
-100.0
-101.0
-99.0
-99.0
-99.0
-96.0
-95.0
-95.0
-95.0
-94.0
-95.0
-95.0
-96.0
-97.0
-94.0
-95.0
-96.0
-95.0
-96.0
-97.0
-98.0
-100.0
-101.0
-98.0
-98.0
-98.0
-99.0
-98.0
-98.0
-98.0
-100.0
-101.0
-99.0
-100.0
-100.0
-101.0
-99.0
-99.0
-100.0
-100.0
-100.0
-97.0
-95.0
321.0
-95.0
-96.0
-96.0
322.0
-96.0
-97.0
313.0
-96.0
-99.0
-97.0
314.0
-100.0
-97.0
-99.0
242.0
-95.0
-96.0
-97.0
524.0
-101.0
320.0
-105.0
-106.0
-105.0
241.0
-108.0
-111.0
-112.0
308.0
-115.0
-116.0
-113.0
110.0
-113.0
-111.0
111.0
-114.0
-115.0
320.0
-114.0
-115.0
319.0
-116.0
-114.0
2005.0
-113.0
-111.0
-108.0
446.0
-105.0
-107.0
302.0
-108.0
-106.0
-106.0
311.0
-105.0
-104.0
919.0
-103.0
-101.0
312.0
-104.0
-107.0
-106.0
-104.0
329.0
-108.0
545.0
-105.0
-104.0
-107.0
-106.0
317.0
-107.0
-106.0
-106.0
198.0
-105.0
-104.0
324.0
-104.0
320.0
-104.0
34.0
242.0
-101.0
-104.0
-70.0
-104.0
-102.0
-79.0
-103.0
-101.0
-100.0
-99.0
-99.0
-98.0
-98.0
140.0
-102.0
-101.0
-98.0
-94.0
-92.0
-94.0
-96.0
-100.0
-99.0
-100.0
-102.0
-103.0
-104.0
-103.0
-101.0
-104.0
-105.0
-105.0
-99.0
501.0
-91.0
-89.0
-92.0
159.0
-20.0
-96.0
2.0
-97.0
-98.0
-99.0
-79.0
-101.0
-100.0
-100.0
-101.0
-101.0
-99.0
-99.0
-102.0
-102.0
-102.0
-104.0
-102.0
-104.0
-103.0
-99.0
-101.0
-101.0
-102.0
-101.0
-101.0
-102.0
-98.0
-100.0
-98.0
-100.0
-105.0
-103.0
-105.0
-104.0
-105.0
-105.0
-102.0
-100.0
-100.0
-101.0
-102.0
-101.0
-104.0
-105.0
-105.0
-105.0
-105.0
-105.0
-102.0
-101.0
-102.0
-103.0
-103.0
-103.0
-104.0
-102.0
-103.0
-102.0
-104.0
-107.0
-105.0
-106.0
-105.0
-105.0
-107.0
-106.0
-107.0
-106.0
-108.0
-107.0
-109.0
-110.0
-110.0
-111.0
-108.0
-109.0
-109.0
-106.0
-106.0
-107.0
-107.0
-108.0
-108.0
-108.0
-109.0
-110.0
-107.0
-104.0
1246.0
-102.0
-102.0
-100.0
507.0
-99.0
-101.0
297.0
-106.0
-110.0
-111.0
377.0
-110.0
-110.0
-110.0
287.0
-109.0
-109.0
710.0
-110.0
-108.0
-109.0
286.0
-108.0
-105.0
289.0
-105.0
385.0
-106.0
-106.0
-105.0
396.0
-96.0
-96.0
-98.0
318.0
-98.0
-97.0
337.0
-99.0
2074.0
-96.0
-98.0
-99.0
-100.0
738.0
-100.0
-101.0
-103.0
308.0
-102.0
-101.0
296.0
-98.0
-100.0
371.0
-84.0
-97.0
-98.0
300.0
-95.0
-92.0
-92.0
380.0
-96.0
-95.0
378.0
-94.0
-96.0
376.0
-89.0
385.0
-86.0
-88.0
319.0
-91.0
-94.0
2260.0
-97.0
-95.0
-94.0
-94.0
-95.0
-91.0
-88.0
144.0
-93.0
-91.0
-92.0
17.0
-88.0
336.0
-87.0
-86.0
-83.0
-87.0
-88.0
-91.0
-94.0
165.0
-93.0
162.0
-96.0
-101.0
-103.0
-104.0
-103.0
-102.0
-102.0
-99.0
-101.0
-100.0
-103.0
-105.0
-106.0
-106.0
-107.0
-105.0
-105.0
-95.0
365.0
-83.0
-87.0
-86.0
132.0
-89.0
-88.0
-93.0
-80.0
-92.0
-88.0
-87.0
-87.0
-89.0
-87.0
-88.0
-87.0
-87.0
-86.0
-88.0
-88.0
-92.0
-90.0
-94.0
-94.0
-95.0
-95.0
-96.0
-98.0
-98.0
-100.0
-99.0
-98.0
-99.0
-98.0
-98.0
-99.0
-101.0
-102.0
-102.0
-102.0
-102.0
-103.0
-101.0
-100.0
-99.0
-101.0
-102.0
-103.0
-103.0
-103.0
-103.0
-104.0
-103.0
-100.0
-102.0
-104.0
-105.0
-105.0
-106.0
-106.0
-103.0
-104.0
-101.0
-101.0
-101.0
-102.0
-103.0
-102.0
-103.0
-103.0
-101.0
-100.0
-102.0
-102.0
-103.0
-105.0
-105.0
-105.0
-105.0
-106.0
-104.0
-102.0
-102.0
-102.0
-102.0
-102.0
-102.0
-102.0
-106.0
-104.0
-104.0
-104.0
-106.0
-104.0
1038.0
-100.0
-97.0
-96.0
489.0
-95.0
-98.0
410.0
-94.0
-94.0
-98.0
287.0
-93.0
-93.0
-91.0
-91.0
531.0
-90.0
-88.0
446.0
-88.0
-92.0
296.0
-93.0
406.0
-95.0
-93.0
433.0
-92.0
531.0
-94.0
-92.0
-93.0
305.0
-90.0
-88.0
959.0
-86.0
-83.0
453.0
-81.0
-79.0
359.0
-82.0
-85.0
574.0
-84.0
-85.0
-85.0
464.0
-86.0
-85.0
460.0
-83.0
-84.0
-83.0
447.0
585.0
-84.0
-84.0
-82.0
467.0
-84.0
-85.0
-84.0
572.0
-82.0
-83.0
693.0
-86.0
-88.0
973.0
342.0
-85.0
-84.0
-80.0
-77.0
479.0
-75.0
479.0
-77.0
458.0
-76.0
-76.0
-77.0
-83.0
-80.0
-82.0
-80.0
-82.0
-81.0
-83.0
-86.0
-88.0
-88.0
408.0
-83.0
-80.0
-80.0
-83.0
-83.0
-84.0
-80.0
-83.0
-80.0
-79.0
-77.0
-80.0
-82.0
-83.0
-85.0
-86.0
-87.0
-87.0
-85.0
-88.0
-90.0
-91.0
-90.0
-85.0
225.0
-88.0
-87.0
-89.0
-90.0
-91.0
-90.0
-94.0
-93.0
-95.0
-96.0
-94.0
-98.0
-96.0
-97.0
-99.0
-100.0
-100.0
-97.0
-95.0
-96.0
-96.0
-98.0
-102.0
-102.0
-102.0
-99.0
-98.0
-98.0
-95.0
-95.0
-98.0
-99.0
-100.0
-98.0
-99.0
-100.0
-98.0
-98.0
-95.0
-94.0
-93.0
-98.0
-98.0
-99.0
-96.0
-98.0
-100.0
-95.0
-98.0
-96.0
-97.0
-100.0
-100.0
-100.0
-98.0
-99.0
-101.0
-99.0
-99.0
-100.0
-99.0
-100.0
-98.0
-99.0
-100.0
-101.0
-101.0
-99.0
-99.0
-99.0
-101.0
-101.0
-101.0
-101.0
-101.0
-101.0
-101.0
-99.0
-99.0
-99.0
-100.0
-101.0
-102.0
-103.0
-104.0
-105.0
-105.0
-104.0
-104.0
-104.0
-106.0
-108.0
-108.0
-106.0
843.0
-104.0
-103.0
-101.0
662.0
-98.0
-98.0
474.0
-99.0
-98.0
476.0
-98.0
-98.0
-94.0
-93.0
-94.0
-94.0
-94.0
2469.0
-96.0
-95.0
-97.0
-100.0
-100.0
279.0
-104.0
470.0
-105.0
-103.0
-102.0
-104.0
284.0
-107.0
472.0
-101.0
-99.0
-97.0
-93.0
-97.0
-100.0
-102.0
-101.0
490.0
-97.0
-94.0
3233.0
302.0
-89.0
-89.0
539.0
-87.0
-92.0
264.0
-83.0
-80.0
-83.0
806.0
-87.0
-85.0
2457.0
-88.0
-87.0
533.0
-85.0
271.0
-86.0
-83.0
-84.0
460.0
-87.0
-82.0
553.0
-86.0
-82.0
-81.0
469.0
-85.0
-86.0
2239.0
-79.0
-79.0
-82.0
287.0
-76.0
-78.0
-82.0
-86.0
-86.0
-82.0
-85.0
-86.0
-85.0
-83.0
-84.0
-86.0
-86.0
-80.0
-83.0
-80.0
-84.0
-84.0
-88.0
-85.0
-84.0
-80.0
-80.0
-74.0
-79.0
-78.0
-82.0
-81.0
-85.0
-85.0
-89.0
-87.0
-85.0
-81.0
-84.0
-86.0
-89.0
-90.0
-91.0
-93.0
-93.0
-95.0
-90.0
-85.0
-81.0
-83.0
-84.0
-85.0
-88.0
-89.0
-87.0
-91.0
-92.0
-93.0
-87.0
-89.0
-90.0
-89.0
-89.0
-90.0
-90.0
-89.0
-90.0
-91.0
-89.0
-90.0
-90.0
-92.0
-95.0
-95.0
-95.0
-95.0
-92.0
-92.0
-89.0
-89.0
-89.0
-91.0
-90.0
-91.0
-90.0
-90.0
-89.0
-85.0
-83.0
-84.0
-87.0
-86.0
-88.0
-88.0
-89.0
-91.0
-91.0
-91.0
-90.0
-90.0
-92.0
-92.0
-94.0
-94.0
-95.0
-94.0
-95.0
-95.0
-92.0
-93.0
-93.0
-93.0
-94.0
-94.0
-95.0
-97.0
-98.0
-99.0
-98.0
-95.0
-96.0
-98.0
-99.0
-102.0
-104.0
-105.0
-108.0
-107.0
-106.0
-106.0
-106.0
-108.0
-109.0
-109.0
-111.0
-109.0
3392.0
-109.0
-107.0
-106.0
466.0
-101.0
-100.0
255.0
-99.0
-99.0
-97.0
504.0
-96.0
-96.0
1349.0
-99.0
-97.0
454.0
-97.0
-96.0
-92.0
-87.0
509.0
-95.0
-97.0
410.0
-98.0
-99.0
-100.0
-98.0
-98.0
393.0
-99.0
-99.0
-98.0
-97.0
-98.0
248.0
-99.0
633.0
-96.0
-95.0
-94.0
398.0
-88.0
1128.0
-89.0
-88.0
-88.0
733.0
-87.0
-85.0
-87.0
646.0
-83.0
-82.0
466.0
-82.0
-82.0
464.0
-84.0
653.0
-86.0
-88.0
-86.0
390.0
658.0
-81.0
-87.0
-87.0
-89.0
395.0
-89.0
733.0
-87.0
-88.0
405.0
-86.0
-86.0
-86.0
505.0
-87.0
663.0
-83.0
-84.0
-86.0
-89.0
-88.0
-87.0
-89.0
-86.0
-83.0
-79.0
-81.0
-83.0
-86.0
-87.0
-88.0
-88.0
-87.0
-86.0
-81.0
-77.0
-77.0
-79.0
-80.0
-84.0
-84.0
-87.0
-91.0
-91.0
-90.0
-89.0
-86.0
-84.0
-84.0
-85.0
-83.0
-83.0
-85.0
-89.0
-89.0
-90.0
-91.0
-89.0
-89.0
-85.0
-83.0
-84.0
-88.0
-84.0
-86.0
-86.0
-88.0
-90.0
-87.0
-88.0
-88.0
-85.0
-88.0
-91.0
-92.0
-92.0
-90.0
-92.0
-89.0
-89.0
-87.0
-87.0
-86.0
-86.0
-86.0
-85.0
-84.0
-87.0
-90.0
-91.0
-94.0
-91.0
-90.0
-88.0
-90.0
-92.0
-94.0
-95.0
-97.0
-97.0
-95.0
-95.0
-94.0
-95.0
-95.0
-96.0
-96.0
-95.0
-97.0
-98.0
-98.0
-95.0
-97.0
-97.0
-95.0
-94.0
-93.0
-95.0
-96.0
-98.0
-98.0
-95.0
-95.0
-95.0
-96.0
-93.0
-96.0
-96.0
-96.0
-95.0
-92.0
-91.0
-92.0
-92.0
-92.0
-92.0
-94.0
-96.0
-97.0
-97.0
-98.0
-100.0
-97.0
-96.0
-96.0
-98.0
-95.0
-94.0
448.0
-93.0
-93.0
-90.0
2846.0
-88.0
-88.0
568.0
-87.0
-87.0
-88.0
468.0
-91.0
-92.0
457.0
-92.0
-91.0
-92.0
-91.0
465.0
-93.0
-95.0
568.0
-97.0
-99.0
-99.0
318.0
309.0
-99.0
455.0
-97.0
-97.0
442.0
-97.0
742.0
-94.0
-96.0
339.0
-93.0
342.0
-90.0
340.0
-90.0
-90.0
-89.0
983.0
-87.0
-89.0
-90.0
1020.0
-91.0
-90.0
501.0
-90.0
-90.0
-91.0
421.0
-93.0
850.0
-88.0
-89.0
-88.0
423.0
-92.0
-93.0
2507.0
-94.0
-93.0
428.0
-89.0
417.0
457.0
-90.0
443.0
-94.0
-95.0
-93.0
424.0
-92.0
-94.0
-88.0
375.0
-83.0
532.0
-85.0
-87.0
-85.0
-87.0
-88.0
-85.0
-80.0
-78.0
-80.0
-84.0
-83.0
-85.0
-89.0
-89.0
-87.0
-83.0
-86.0
-86.0
-88.0
-87.0
-88.0
-89.0
-85.0
-87.0
-87.0
-87.0
-88.0
-91.0
-94.0
-93.0
-96.0
-96.0
-94.0
-87.0
-90.0
-91.0
30.0
-87.0
-88.0
-88.0
-85.0
-83.0
-82.0
-83.0
-86.0
-87.0
-88.0
-86.0
-88.0
-88.0
-84.0
-85.0
-86.0
-91.0
-93.0
-92.0
-94.0
-91.0
-91.0
-90.0
-88.0
-86.0
-91.0
-91.0
-94.0
-94.0
-92.0
-90.0
-91.0
-91.0
-89.0
-89.0
-89.0
-93.0
-94.0
-94.0
-92.0
-89.0
-90.0
-91.0
-92.0
-93.0
-93.0
-94.0
-94.0
-94.0
-92.0
-89.0
-87.0
-86.0
-84.0
-84.0
-86.0
-86.0
-88.0
-87.0
-87.0
-89.0
-89.0
-89.0
-88.0
-86.0
-87.0
-85.0
-87.0
-86.0
-88.0
-88.0
-89.0
-91.0
-90.0
-91.0
-89.0
-88.0
-88.0
-89.0
-91.0
-92.0
-93.0
-95.0
-96.0
-96.0
-98.0
-99.0
-101.0
-102.0
-101.0
-103.0
-104.0
-104.0
-105.0
497.0
-104.0
-101.0
-101.0
307.0
-103.0
-101.0
-98.0
321.0
-98.0
-96.0
386.0
-96.0
-96.0
-96.0
389.0
-95.0
-96.0
-97.0
324.0
-96.0
-96.0
321.0
-101.0
-103.0
-102.0
329.0
-102.0
610.0
-101.0
-106.0
646.0
-107.0
-107.0
338.0
-107.0
-106.0
2674.0
-104.0
-104.0
-105.0
341.0
-105.0
345.0
-101.0
590.0
-97.0
-96.0
-97.0
538.0
-98.0
-95.0
2293.0
332.0
-91.0
-91.0
538.0
-88.0
-84.0
-86.0
-85.0
340.0
-88.0
-88.0
423.0
-90.0
-91.0
-88.0
535.0
-88.0
-87.0
-85.0
316.0
-84.0
-88.0
550.0
-95.0
-95.0
-93.0
547.0
-90.0
-89.0
221.0
-86.0
-87.0
-88.0
-85.0
-87.0
-89.0
-88.0
-86.0
-87.0
-85.0
-87.0
-86.0
-85.0
-86.0
-86.0
-86.0
-90.0
-89.0
-91.0
333.0
-89.0
-87.0
-85.0
-85.0
-87.0
-84.0
-86.0
-87.0
-87.0
-90.0
-91.0
-92.0
-92.0
-91.0
-92.0
-90.0
-90.0
75.0
-86.0
-86.0
-88.0
-90.0
-91.0
-93.0
-89.0
-88.0
-90.0
-89.0
-90.0
-87.0
-88.0
-87.0
-87.0
-86.0
-89.0
-94.0
-96.0
-96.0
-95.0
-97.0
-95.0
-92.0
-91.0
-91.0
-92.0
-93.0
-97.0
-97.0
-96.0
-95.0
-92.0
-95.0
-93.0
-92.0
-94.0
-95.0
-97.0
-94.0
-95.0
-96.0
-99.0
-99.0
-97.0
-100.0
-103.0
-103.0
-101.0
-101.0
-101.0
-102.0
-97.0
-97.0
-99.0
-100.0
-102.0
-102.0
-103.0
-104.0
-104.0
-103.0
-101.0
-103.0
-103.0
-105.0
-107.0
-107.0
-107.0
-105.0
-105.0
-105.0
-104.0
-105.0
-105.0
-107.0
-107.0
-107.0
-108.0
-109.0
-109.0
-108.0
-109.0
-109.0
-109.0
-108.0
-108.0
-109.0
-107.0
-107.0
-109.0
-108.0
-110.0
-109.0
3406.0
-108.0
-108.0
-105.0
1685.0
-108.0
-107.0
3252.0
-102.0
-101.0
-102.0
435.0
-102.0
-102.0
490.0
-100.0
430.0
-104.0
-101.0
-100.0
-97.0
-100.0
-100.0
-99.0
-100.0
297.0
-100.0
-101.0
-100.0
-100.0
-99.0
690.0
-97.0
2523.0
-98.0
291.0
-97.0
-93.0
280.0
-88.0
-86.0
-86.0
-85.0
326.0
-85.0
509.0
-86.0
-86.0
-86.0
750.0
-77.0
-79.0
405.0
-78.0
-82.0
-78.0
-80.0
-78.0
821.0
-82.0
333.0
406.0
-79.0
-80.0
524.0
-71.0
768.0
-77.0
-84.0
340.0
-87.0
585.0
-84.0
-86.0
-81.0
-77.0
346.0
-83.0
340.0
-81.0
-80.0
2368.0
-85.0
-86.0
-84.0
22.0
-87.0
-85.0
-79.0
-75.0
-80.0
-83.0
-80.0
-83.0
314.0
-78.0
-80.0
-83.0
-79.0
-75.0
-76.0
204.0
-63.0
-62.0
-58.0
-60.0
-67.0
-67.0
-68.0
-66.0
-70.0
-71.0
-72.0
-74.0
-76.0
-78.0
-81.0
745.0
-85.0
-85.0
133.0
-85.0
-81.0
-79.0
-75.0
-79.0
-79.0
-77.0
-79.0
-80.0
-81.0
-83.0
-85.0
-82.0
-83.0
-84.0
-82.0
-83.0
-83.0
-88.0
-89.0
-89.0
-89.0
-90.0
-86.0
-82.0
-75.0
-76.0
-78.0
-82.0
-82.0
-81.0
-81.0
-81.0
-86.0
-82.0
-80.0
-81.0
-81.0
-84.0
-84.0
-84.0
-85.0
-84.0
-85.0
-84.0
-84.0
-83.0
-81.0
-81.0
-84.0
-84.0
-85.0
-83.0
-84.0
-86.0
-87.0
-88.0
-90.0
-90.0
-92.0
-90.0
-90.0
-93.0
-94.0
-95.0
-96.0
-96.0
-97.0
-94.0
-92.0
-93.0
-95.0
-96.0
-98.0
-96.0
-96.0
-96.0
-96.0
-95.0
-93.0
-95.0
-96.0
-96.0
-96.0
-97.0
-97.0
-94.0
-95.0
-96.0
-95.0
-96.0
-97.0
-97.0
-95.0
1169.0
-93.0
-88.0
-84.0
556.0
-85.0
-86.0
450.0
-87.0
-83.0
-85.0
-85.0
305.0
-88.0
298.0
-90.0
500.0
-91.0
-89.0
496.0
-92.0
-92.0
-94.0
456.0
-96.0
629.0
-100.0
-97.0
-98.0
-97.0
448.0
-103.0
709.0
-102.0
-103.0
-105.0
329.0
-104.0
500.0
-105.0
-104.0
-102.0
-101.0
328.0
-100.0
1136.0
-95.0
-95.0
-95.0
1539.0
-94.0
-91.0
527.0
-90.0
-90.0
-89.0
354.0
-83.0
331.0
339.0
347.0
-81.0
-80.0
361.0
-79.0
-79.0
972.0
-79.0
331.0
2524.0
-79.0
-79.0
540.0
-78.0
-77.0
-78.0
350.0
-80.0
364.0
-83.0
-79.0
354.0
-81.0
2846.0
-78.0
-80.0
-77.0
-82.0
-85.0
-83.0
-81.0
-81.0
-86.0
-85.0
-84.0
-83.0
-86.0
-86.0
-84.0
-84.0
-81.0
-77.0
-72.0
-70.0
-73.0
249.0
-69.0
-68.0
-70.0
-72.0
-72.0
-75.0
-74.0
-77.0
-78.0
383.0
-81.0
-82.0
-81.0
-82.0
-82.0
-82.0
-79.0
-84.0
-84.0
-85.0
-86.0
-89.0
-90.0
-91.0
-86.0
-90.0
-91.0
-90.0
-91.0
-88.0
-90.0
-88.0
-88.0
-91.0
-90.0
-92.0
-93.0
-91.0
-90.0
-92.0
-91.0
-91.0
-89.0
-88.0
-87.0
-89.0
-91.0
-92.0
-93.0
-93.0
-92.0
-94.0
-96.0
-97.0
-96.0
-97.0
-98.0
-99.0
-101.0
-101.0
-101.0
-102.0
-102.0
-102.0
-101.0
-102.0
-102.0
-103.0
-103.0
-103.0
-102.0
-103.0
-103.0
-103.0
-103.0
-103.0
-103.0
-104.0
-104.0
-105.0
-106.0
-106.0
-107.0
-109.0
-110.0
-113.0
-114.0
-115.0
-116.0
-116.0
-117.0
-119.0
-120.0
-120.0
-121.0
-121.0
-122.0
-122.0
-122.0
-122.0
-122.0
-122.0
-122.0
-122.0
-122.0
-122.0
-122.0
-122.0
-120.0
1205.0
-116.0
-114.0
-113.0
720.0
-114.0
-114.0
871.0
-113.0
-111.0
-109.0
314.0
-107.0
-107.0
2591.0
-108.0
-106.0
-107.0
-106.0
320.0
-106.0
-104.0
307.0
-103.0
-104.0
381.0
-101.0
-102.0
-102.0
-101.0
244.0
-99.0
245.0
-100.0
322.0
-101.0
-101.0
-101.0
-99.0
469.0
-97.0
-98.0
462.0
-99.0
-97.0
1127.0
-94.0
-91.0
-91.0
1099.0
-89.0
-90.0
399.0
-88.0
-87.0
-88.0
236.0
-91.0
200.0
291.0
266.0
-90.0
-86.0
177.0
-86.0
-87.0
-88.0
-90.0
2525.0
-90.0
2159.0
-88.0
-89.0
184.0
-89.0
-86.0
134.0
-84.0
-80.0
536.0
-79.0
-79.0
154.0
-79.0
-68.0
-75.0
-73.0
-74.0
-75.0
160.0
-75.0
-73.0
-76.0
-74.0
-74.0
-76.0
-78.0
-79.0
-80.0
-82.0
-81.0
-75.0
177.0
-67.0
-70.0
-72.0
-74.0
-74.0
-74.0
-77.0
-81.0
-78.0
-77.0
-74.0
-76.0
180.0
-75.0
-78.0
-76.0
-77.0
-76.0
-72.0
-73.0
-75.0
-81.0
-81.0
-80.0
-82.0
-83.0
-84.0
-82.0
-82.0
-82.0
-84.0
-84.0
-86.0
-87.0
-89.0
-89.0
-89.0
-88.0
-84.0
-83.0
-86.0
-85.0
-85.0
-86.0
-85.0
-84.0
-84.0
-82.0
-84.0
-82.0
-83.0
-81.0
-80.0
-81.0
-82.0
-82.0
-83.0
-83.0
-79.0
-76.0
-76.0
-77.0
-77.0
-75.0
-77.0
-78.0
-80.0
-80.0
-83.0
-85.0
-86.0
-87.0
-89.0
-87.0
-85.0
-89.0
-90.0
-90.0
-94.0
-93.0
-96.0
-95.0
-97.0
-99.0
-97.0
-101.0
-100.0
-103.0
-103.0
-106.0
-106.0
-106.0
-106.0
-106.0
-103.0
-103.0
-103.0
-104.0
-103.0
-103.0
-104.0
-104.0
-105.0
-105.0
-105.0
-106.0
-103.0
-105.0
-106.0
-106.0
-107.0
-105.0
1068.0
-103.0
-101.0
-99.0
290.0
-92.0
-91.0
290.0
-94.0
-94.0
-94.0
327.0
-90.0
235.0
304.0
-83.0
-84.0
429.0
-87.0
-86.0
-87.0
243.0
-88.0
-87.0
246.0
-86.0
238.0
-88.0
311.0
-89.0
-89.0
239.0
-88.0
-89.0
-89.0
-89.0
313.0
-89.0
-90.0
-91.0
439.0
-92.0
620.0
-91.0
-88.0
1045.0
-85.0
-84.0
-82.0
1022.0
-85.0
-83.0
322.0
-85.0
-87.0
-89.0
-90.0
302.0
-92.0
-91.0
-93.0
315.0
-95.0
602.0
-93.0
-95.0
-95.0
189.0
-92.0
-93.0
-91.0
235.0
-92.0
-92.0
324.0
-92.0
-88.0
-89.0
-90.0
197.0
-87.0
-88.0
-91.0
222.0
-90.0
-89.0
-90.0
-88.0
-91.0
-84.0
-86.0
-84.0
-87.0
-89.0
-93.0
-93.0
-96.0
-95.0
-98.0
-95.0
-93.0
-89.0
-88.0
-85.0
-82.0
-84.0
-80.0
-83.0
-80.0
-80.0
-82.0
-79.0
-85.0
-85.0
-87.0
-87.0
-90.0
-93.0
-91.0
-94.0
-97.0
-98.0
-97.0
-94.0
-94.0
-94.0
-97.0
-100.0
-96.0
-94.0
-97.0
-97.0
-97.0
-94.0
-95.0
-94.0
-94.0
-95.0
-92.0
-93.0
-96.0
-93.0
-92.0
-93.0
-92.0
-92.0
-88.0
-85.0
-82.0
-83.0
-87.0
-87.0
-89.0
-93.0
-94.0
-96.0
-95.0
-98.0
-101.0
-102.0
-102.0
-103.0
-105.0
-105.0
-104.0
-102.0
-106.0
-105.0
-106.0
-106.0
-106.0
-107.0
-106.0
-106.0
-99.0
-102.0
-105.0
-104.0
-105.0
-106.0
-106.0
-105.0
-104.0
-103.0
-104.0
-106.0
-106.0
-106.0
-105.0
-106.0
-107.0
-105.0
-106.0
-109.0
-110.0
-111.0
-109.0
-110.0
-110.0
-108.0
-108.0
-110.0
-110.0
-108.0
-106.0
-104.0
-103.0
-103.0
-104.0
-104.0
-105.0
-105.0
-106.0
-107.0
-106.0
399.0
-103.0
-101.0
-101.0
473.0
-101.0
-102.0
-104.0
393.0
-103.0
-104.0
803.0
-108.0
-108.0
320.0
-106.0
-107.0
392.0
-108.0
-109.0
2688.0
-107.0
-108.0
-108.0
138.0
-105.0
-105.0
-105.0
250.0
-105.0
-105.0
-104.0
-105.0
-106.0
325.0
420.0
-104.0
-104.0
-104.0
155.0
-101.0
-100.0
-101.0
345.0
-98.0
1392.0
-94.0
-93.0
-90.0
407.0
-89.0
-87.0
533.0
-86.0
-85.0
-90.0
394.0
-87.0
-85.0
-83.0
393.0
-81.0
672.0
-78.0
410.0
-84.0
421.0
-83.0
-87.0
410.0
-82.0
-84.0
234.0
179.0
386.0
-87.0
-85.0
397.0
-87.0
2523.0
-88.0
396.0
-84.0
-78.0
-71.0
-76.0
-77.0
-79.0
-79.0
-82.0
-83.0
-80.0
-81.0
-81.0
-79.0
-78.0
-76.0
151.0
-75.0
-76.0
-73.0
-72.0
-71.0
-68.0
-67.0
-65.0
-68.0
-71.0
-72.0
-74.0
-72.0
-66.0
-65.0
-66.0
-67.0
-69.0
-67.0
-69.0
-68.0
-73.0
-67.0
-69.0
-71.0
-76.0
-77.0
-78.0
-80.0
-79.0
-83.0
-87.0
-85.0
-84.0
-88.0
-84.0
-82.0
-86.0
-89.0
-91.0
-89.0
-87.0
-87.0
-85.0
-88.0
-87.0
-88.0
-89.0
-89.0
-90.0
-87.0
-80.0
-78.0
-76.0
-78.0
-82.0
-82.0
-83.0
-82.0
-82.0
-82.0
-81.0
-79.0
-82.0
-81.0
-81.0
-82.0
-84.0
-86.0
-86.0
-88.0
-90.0
-88.0
-91.0
-89.0
-90.0
-91.0
-93.0
-93.0
-93.0
-93.0
-93.0
-93.0
-89.0
-86.0
-85.0
-87.0
-86.0
-86.0
-87.0
-88.0
-88.0
-89.0
-85.0
-87.0
-89.0
-89.0
-89.0
-90.0
-92.0
-92.0
-93.0
-95.0
-96.0
-94.0
-95.0
-96.0
-97.0
-99.0
-99.0
-101.0
-102.0
-103.0
-104.0
-104.0
-107.0
-107.0
3099.0
-107.0
-109.0
-108.0
1102.0
-109.0
-108.0
799.0
-109.0
-109.0
-109.0
312.0
-107.0
-107.0
-107.0
435.0
-104.0
511.0
-102.0
-99.0
-100.0
248.0
-103.0
319.0
